"id","book_id","chapter","verse","alignment_num","orig_lang_words","target_lang_words","origSpan","origWords","origWordsTxt","alignmentOrigWords","targetSpan","targetWords","targetWordsTxt","alignmentTargetWords","alignmentTxt","frequency","matchCount","origWordsBetween","targetWordsBetween"
"464184","mrk","10","21","3",",1444328,",",1220293,1220294,",0,"[{'id': 1444328, 'book_id': 'mrk', 'chapter': '10', 'verse': '21', 'word_num': 5, 'word': 'ἠγάπησεν', 'occurrence': 1, 'strong': 'G00250', 'lemma': 'ἀγαπάω', 'morph': 'Gr,V,IAA3,,S,'}]","ἠγάπησεν",1,1,"[{'id': 1220293, 'book_id': 'mrk', 'chapter': '10', 'verse': '21', 'word_num': 5, 'word': 'and', 'occurrence': 1}, {'id': 1220294, 'book_id': 'mrk', 'chapter': '10', 'verse': '21', 'word_num': 6, 'word': 'loved', 'occurrence': 1}]","and loved",2,"ἠγάπησεν = and loved",0.0035587188612099642,1,0,0
"465722","mrk","12","30","0",",1445997,1445998,",",1222519,1222520,1222521,",1,"[{'id': 1445997, 'book_id': 'mrk', 'chapter': '12', 'verse': '30', 'word_num': 0, 'word': 'καὶ', 'occurrence': 1, 'strong': 'G25320', 'lemma': 'καί', 'morph': 'Gr,CC,,,,,,,,'}, {'id': 1445998, 'book_id': 'mrk', 'chapter': '12', 'verse': '30', 'word_num': 1, 'word': 'ἀγαπήσεις', 'occurrence': 1, 'strong': 'G00250', 'lemma': 'ἀγαπάω', 'morph': 'Gr,V,IFA2,,S,'}]","καὶ ἀγαπήσεις",2,2,"[{'id': 1222519, 'book_id': 'mrk', 'chapter': '12', 'verse': '30', 'word_num': 0, 'word': 'You', 'occurrence': 1}, {'id': 1222520, 'book_id': 'mrk', 'chapter': '12', 'verse': '30', 'word_num': 1, 'word': 'must', 'occurrence': 1}, {'id': 1222521, 'book_id': 'mrk', 'chapter': '12', 'verse': '30', 'word_num': 2, 'word': 'love', 'occurrence': 1}]","You must love",3,"καὶ ἀγαπήσεις = You must love",0.0035587188612099642,1,0,0
"465745","mrk","12","31","2",",1446028,",",1222548,1222549,1222550,",0,"[{'id': 1446028, 'book_id': 'mrk', 'chapter': '12', 'verse': '31', 'word_num': 2, 'word': 'ἀγαπήσεις', 'occurrence': 1, 'strong': 'G00250', 'lemma': 'ἀγαπάω', 'morph': 'Gr,V,IFA2,,S,'}]","ἀγαπήσεις",1,2,"[{'id': 1222548, 'book_id': 'mrk', 'chapter': '12', 'verse': '31', 'word_num': 5, 'word': 'You', 'occurrence': 1}, {'id': 1222549, 'book_id': 'mrk', 'chapter': '12', 'verse': '31', 'word_num': 6, 'word': 'must', 'occurrence': 1}, {'id': 1222550, 'book_id': 'mrk', 'chapter': '12', 'verse': '31', 'word_num': 7, 'word': 'love', 'occurrence': 1}]","You must love",3,"ἀγαπήσεις = You must love",0.0035587188612099642,1,0,0
"465774","mrk","12","33","0",",1446059,1446060,1446061,",",1222585,1222586,",2,"[{'id': 1446059, 'book_id': 'mrk', 'chapter': '12', 'verse': '33', 'word_num': 0, 'word': 'καὶ', 'occurrence': 1, 'strong': 'G25320', 'lemma': 'καί', 'morph': 'Gr,CC,,,,,,,,'}, {'id': 1446060, 'book_id': 'mrk', 'chapter': '12', 'verse': '33', 'word_num': 1, 'word': 'τὸ', 'occurrence': 1, 'strong': 'G35880', 'lemma': 'ὁ', 'morph': 'Gr,RD,,,,NNS,'}, {'id': 1446061, 'book_id': 'mrk', 'chapter': '12', 'verse': '33', 'word_num': 2, 'word': 'ἀγαπᾶν', 'occurrence': 1, 'strong': 'G00250', 'lemma': 'ἀγαπάω', 'morph': 'Gr,V,NPA,,,,,'}]","καὶ τὸ ἀγαπᾶν",3,1,"[{'id': 1222585, 'book_id': 'mrk', 'chapter': '12', 'verse': '33', 'word_num': 0, 'word': 'To', 'occurrence': 1}, {'id': 1222586, 'book_id': 'mrk', 'chapter': '12', 'verse': '33', 'word_num': 1, 'word': 'love', 'occurrence': 1}]","To love",2,"καὶ τὸ ἀγαπᾶν = To love",0.0035587188612099642,1,0,0
"465791","mrk","12","33","17",",1446078,1446079,",",1222603,1222604,",1,"[{'id': 1446078, 'book_id': 'mrk', 'chapter': '12', 'verse': '33', 'word_num': 19, 'word': 'τὸ', 'occurrence': 2, 'strong': 'G35880', 'lemma': 'ὁ', 'morph': 'Gr,RD,,,,NNS,'}, {'id': 1446079, 'book_id': 'mrk', 'chapter': '12', 'verse': '33', 'word_num': 20, 'word': 'ἀγαπᾶν', 'occurrence': 2, 'strong': 'G00250', 'lemma': 'ἀγαπάω', 'morph': 'Gr,V,NPA,,,,,'}]","τὸ ἀγαπᾶν",2,1,"[{'id': 1222603, 'book_id': 'mrk', 'chapter': '12', 'verse': '33', 'word_num': 18, 'word': 'to', 'occurrence': 1}, {'id': 1222604, 'book_id': 'mrk', 'chapter': '12', 'verse': '33', 'word_num': 19, 'word': 'love', 'occurrence': 2}]","to love",2,"τὸ ἀγαπᾶν = to love",0.0071174377224199285,2,0,0
"467244","mrk","14","44","8",",1447650,",",1224673,1224674,",0,"[{'id': 1447650, 'book_id': 'mrk', 'chapter': '14', 'verse': '44', 'word_num': 10, 'word': 'φιλήσω', 'occurrence': 1, 'strong': 'G53680', 'lemma': 'φιλέω', 'morph': 'Gr,V,SAA1,,S,'}]","φιλήσω",1,1,"[{'id': 1224673, 'book_id': 'mrk', 'chapter': '14', 'verse': '44', 'word_num': 10, 'word': 'I', 'occurrence': 1}, {'id': 1224674, 'book_id': 'mrk', 'chapter': '14', 'verse': '44', 'word_num': 11, 'word': 'kiss', 'occurrence': 1}]","I kiss",2,"φιλήσω = I kiss",0.0035587188612099642,1,0,0
"472912","luk","6","27","5",",1453698,",",1232731,",0,"[{'id': 1453698, 'book_id': 'luk', 'chapter': '6', 'verse': '27', 'word_num': 5, 'word': 'ἀγαπᾶτε', 'occurrence': 1, 'strong': 'G00250', 'lemma': 'ἀγαπάω', 'morph': 'Gr,V,MPA2,,P,'}]","ἀγαπᾶτε",1,0,"[{'id': 1232731, 'book_id': 'luk', 'chapter': '6', 'verse': '27', 'word_num': 8, 'word': 'love', 'occurrence': 1}]","love",1,"ἀγαπᾶτε = love",0.017793594306049824,5,0,0
"472974","luk","6","32","2",",1453763,",",1232822,1232823,",0,"[{'id': 1453763, 'book_id': 'luk', 'chapter': '6', 'verse': '32', 'word_num': 2, 'word': 'ἀγαπᾶτε', 'occurrence': 1, 'strong': 'G00250', 'lemma': 'ἀγαπάω', 'morph': 'Gr,V,IPA2,,P,'}]","ἀγαπᾶτε",1,1,"[{'id': 1232822, 'book_id': 'luk', 'chapter': '6', 'verse': '32', 'word_num': 2, 'word': 'you', 'occurrence': 1}, {'id': 1232823, 'book_id': 'luk', 'chapter': '6', 'verse': '32', 'word_num': 3, 'word': 'love', 'occurrence': 1}]","you love",2,"ἀγαπᾶτε = you love",0.014234875444839857,4,0,0
"472976","luk","6","32","4",",1453765,",",1232826,",0,"[{'id': 1453765, 'book_id': 'luk', 'chapter': '6', 'verse': '32', 'word_num': 4, 'word': 'ἀγαπῶντας', 'occurrence': 1, 'strong': 'G00250', 'lemma': 'ἀγαπάω', 'morph': 'Gr,V,PPA,AMP,'}]","ἀγαπῶντας",1,0,"[{'id': 1232826, 'book_id': 'luk', 'chapter': '6', 'verse': '32', 'word_num': 6, 'word': 'love', 'occurrence': 2}]","love",1,"ἀγαπῶντας = love",0.0071174377224199285,2,0,0
"472988","luk","6","32","16",",1453776,",",1232841,",0,"[{'id': 1453776, 'book_id': 'luk', 'chapter': '6', 'verse': '32', 'word_num': 15, 'word': 'ἀγαπῶντας', 'occurrence': 2, 'strong': 'G00250', 'lemma': 'ἀγαπάω', 'morph': 'Gr,V,PPA,AMP,'}]","ἀγαπῶντας",1,0,"[{'id': 1232841, 'book_id': 'luk', 'chapter': '6', 'verse': '32', 'word_num': 21, 'word': 'love', 'occurrence': 4}]","love",1,"ἀγαπῶντας = love",0.0071174377224199285,2,0,0
"472986","luk","6","32","14",",1453778,",",1232838,",0,"[{'id': 1453778, 'book_id': 'luk', 'chapter': '6', 'verse': '32', 'word_num': 17, 'word': 'ἀγαπῶσιν', 'occurrence': 1, 'strong': 'G00250', 'lemma': 'ἀγαπάω', 'morph': 'Gr,V,IPA3,,P,'}]","ἀγαπῶσιν",1,0,"[{'id': 1232838, 'book_id': 'luk', 'chapter': '6', 'verse': '32', 'word_num': 18, 'word': 'love', 'occurrence': 3}]","love",1,"ἀγαπῶσιν = love",0.0035587188612099642,1,0,0
"473027","luk","6","35","1",",1453816,",",1232898,",0,"[{'id': 1453816, 'book_id': 'luk', 'chapter': '6', 'verse': '35', 'word_num': 1, 'word': 'ἀγαπᾶτε', 'occurrence': 1, 'strong': 'G00250', 'lemma': 'ἀγαπάω', 'morph': 'Gr,V,MPA2,,P,'}]","ἀγαπᾶτε",1,0,"[{'id': 1232898, 'book_id': 'luk', 'chapter': '6', 'verse': '35', 'word_num': 1, 'word': 'love', 'occurrence': 1}]","love",1,"ἀγαπᾶτε = love",0.017793594306049824,5,0,0
"473418","luk","7","5","1",",1454206,",",1233442,1233443,",0,"[{'id': 1454206, 'book_id': 'luk', 'chapter': '7', 'verse': '5', 'word_num': 0, 'word': 'ἀγαπᾷ', 'occurrence': 1, 'strong': 'G00250', 'lemma': 'ἀγαπάω', 'morph': 'Gr,V,IPA3,,S,'}]","ἀγαπᾷ",1,1,"[{'id': 1233442, 'book_id': 'luk', 'chapter': '7', 'verse': '5', 'word_num': 1, 'word': 'he', 'occurrence': 1}, {'id': 1233443, 'book_id': 'luk', 'chapter': '7', 'verse': '5', 'word_num': 2, 'word': 'loves', 'occurrence': 1}]","he loves",2,"ἀγαπᾷ = he loves",0.0071174377224199285,2,0,0
"474112","luk","7","42","10",",1454901,",",1234425,1234426,",0,"[{'id': 1454901, 'book_id': 'luk', 'chapter': '7', 'verse': '42', 'word_num': 10, 'word': 'ἀγαπήσει', 'occurrence': 1, 'strong': 'G00250', 'lemma': 'ἀγαπάω', 'morph': 'Gr,V,IFA3,,S,'}]","ἀγαπήσει",1,1,"[{'id': 1234425, 'book_id': 'luk', 'chapter': '7', 'verse': '42', 'word_num': 16, 'word': 'will', 'occurrence': 1}, {'id': 1234426, 'book_id': 'luk', 'chapter': '7', 'verse': '42', 'word_num': 17, 'word': 'love', 'occurrence': 1}]","will love",2,"ἀγαπήσει = will love",0.0071174377224199285,2,0,0
"474201","luk","7","47","9",",1454993,",",1234548,1234549,",0,"[{'id': 1454993, 'book_id': 'luk', 'chapter': '7', 'verse': '47', 'word_num': 11, 'word': 'ἠγάπησεν', 'occurrence': 1, 'strong': 'G00250', 'lemma': 'ἀγαπάω', 'morph': 'Gr,V,IAA3,,S,'}]","ἠγάπησεν",1,1,"[{'id': 1234548, 'book_id': 'luk', 'chapter': '7', 'verse': '47', 'word_num': 14, 'word': 'she', 'occurrence': 1}, {'id': 1234549, 'book_id': 'luk', 'chapter': '7', 'verse': '47', 'word_num': 15, 'word': 'loved', 'occurrence': 1}]","she loved",2,"ἠγάπησεν = she loved",0.0035587188612099642,1,0,0
"474207","luk","7","47","15",",1455000,",",1234558,",0,"[{'id': 1455000, 'book_id': 'luk', 'chapter': '7', 'verse': '47', 'word_num': 18, 'word': 'ἀγαπᾷ', 'occurrence': 1, 'strong': 'G00250', 'lemma': 'ἀγαπάω', 'morph': 'Gr,V,IPA3,,S,'}]","ἀγαπᾷ",1,0,"[{'id': 1234558, 'book_id': 'luk', 'chapter': '7', 'verse': '47', 'word_num': 24, 'word': 'loves', 'occurrence': 1}]","loves",1,"ἀγαπᾷ = loves",0.03202846975088968,9,0,0
"476921","luk","10","27","3",",1457766,",",1238150,1238151,1238152,",0,"[{'id': 1457766, 'book_id': 'luk', 'chapter': '10', 'verse': '27', 'word_num': 4, 'word': 'ἀγαπήσεις', 'occurrence': 1, 'strong': 'G00250', 'lemma': 'ἀγαπάω', 'morph': 'Gr,V,IFA2,,S,'}]","ἀγαπήσεις",1,2,"[{'id': 1238150, 'book_id': 'luk', 'chapter': '10', 'verse': '27', 'word_num': 4, 'word': 'You', 'occurrence': 1}, {'id': 1238151, 'book_id': 'luk', 'chapter': '10', 'verse': '27', 'word_num': 5, 'word': 'will', 'occurrence': 1}, {'id': 1238152, 'book_id': 'luk', 'chapter': '10', 'verse': '27', 'word_num': 6, 'word': 'love', 'occurrence': 1}]","You will love",3,"ἀγαπήσεις = You will love",0.0035587188612099642,1,0,0
"477949","luk","11","42","20",",1458819,",",1239566,",0,"[{'id': 1458819, 'book_id': 'luk', 'chapter': '11', 'verse': '42', 'word_num': 21, 'word': 'ἀγάπην', 'occurrence': 1, 'strong': 'G00260', 'lemma': 'ἀγάπη', 'morph': 'Gr,N,,,,,AFS,'}]","ἀγάπην",1,0,"[{'id': 1239566, 'book_id': 'luk', 'chapter': '11', 'verse': '42', 'word_num': 24, 'word': 'love', 'occurrence': 1}]","love",1,"ἀγάπην = love",0.08185053380782918,23,0,0
"477963","luk","11","43","4",",1458834,",",1239588,1239589,",0,"[{'id': 1458834, 'book_id': 'luk', 'chapter': '11', 'verse': '43', 'word_num': 5, 'word': 'ἀγαπᾶτε', 'occurrence': 1, 'strong': 'G00250', 'lemma': 'ἀγαπάω', 'morph': 'Gr,V,IPA2,,P,'}]","ἀγαπᾶτε",1,1,"[{'id': 1239588, 'book_id': 'luk', 'chapter': '11', 'verse': '43', 'word_num': 5, 'word': 'you', 'occurrence': 2}, {'id': 1239589, 'book_id': 'luk', 'chapter': '11', 'verse': '43', 'word_num': 6, 'word': 'love', 'occurrence': 1}]","you love",2,"ἀγαπᾶτε = you love",0.014234875444839857,4,0,0
"481233","luk","16","13","12",",1462151,",",1244062,1244063,1244064,",0,"[{'id': 1462151, 'book_id': 'luk', 'chapter': '16', 'verse': '13', 'word_num': 14, 'word': 'ἀγαπήσει', 'occurrence': 1, 'strong': 'G00250', 'lemma': 'ἀγαπάω', 'morph': 'Gr,V,IFA3,,S,'}]","ἀγαπήσει",1,2,"[{'id': 1244062, 'book_id': 'luk', 'chapter': '16', 'verse': '13', 'word_num': 14, 'word': 'he', 'occurrence': 2}, {'id': 1244063, 'book_id': 'luk', 'chapter': '16', 'verse': '13', 'word_num': 15, 'word': 'will', 'occurrence': 2}, {'id': 1244064, 'book_id': 'luk', 'chapter': '16', 'verse': '13', 'word_num': 16, 'word': 'love', 'occurrence': 1}]","he will love",3,"ἀγαπήσει = he will love",0.0035587188612099642,1,0,0
"484223","luk","20","46","10",",1465172,",",1248258,",0,"[{'id': 1465172, 'book_id': 'luk', 'chapter': '20', 'verse': '46', 'word_num': 10, 'word': 'φιλούντων', 'occurrence': 1, 'strong': 'G53680', 'lemma': 'φιλέω', 'morph': 'Gr,V,PPA,GMP,'}]","φιλούντων",1,0,"[{'id': 1248258, 'book_id': 'luk', 'chapter': '20', 'verse': '46', 'word_num': 12, 'word': 'love', 'occurrence': 1}]","love",1,"φιλούντων = love",0.0035587188612099642,1,0,0
"485536","luk","22","47","21",",1466501,",",1250080,1250081,",0,"[{'id': 1466501, 'book_id': 'luk', 'chapter': '22', 'verse': '47', 'word_num': 18, 'word': 'φιλῆσαι', 'occurrence': 1, 'strong': 'G53680', 'lemma': 'φιλέω', 'morph': 'Gr,V,NAA,,,,,'}]","φιλῆσαι",1,1,"[{'id': 1250080, 'book_id': 'luk', 'chapter': '22', 'verse': '47', 'word_num': 29, 'word': 'to', 'occurrence': 2}, {'id': 1250081, 'book_id': 'luk', 'chapter': '22', 'verse': '47', 'word_num': 30, 'word': 'kiss', 'occurrence': 1}]","to kiss",2,"φιλῆσαι = to kiss",0.0035587188612099642,1,0,0
"488929","jhn","3","16","3",",1470046,",",1254560,",0,"[{'id': 1470046, 'book_id': 'jhn', 'chapter': '3', 'verse': '16', 'word_num': 2, 'word': 'ἠγάπησεν', 'occurrence': 1, 'strong': 'G00250', 'lemma': 'ἀγαπάω', 'morph': 'Gr,V,IAA3,,S,'}]","ἠγάπησεν",1,0,"[{'id': 1254560, 'book_id': 'jhn', 'chapter': '3', 'verse': '16', 'word_num': 3, 'word': 'loved', 'occurrence': 1}]","loved",1,"ἠγάπησεν = loved",0.02491103202846975,7,0,0
"489008","jhn","3","19","14",",1470126,",",1254656,",0,"[{'id': 1470126, 'book_id': 'jhn', 'chapter': '3', 'verse': '19', 'word_num': 13, 'word': 'ἠγάπησαν', 'occurrence': 1, 'strong': 'G00250', 'lemma': 'ἀγαπάω', 'morph': 'Gr,V,IAA3,,P,'}]","ἠγάπησαν",1,0,"[{'id': 1254656, 'book_id': 'jhn', 'chapter': '3', 'verse': '19', 'word_num': 17, 'word': 'loved', 'occurrence': 1}]","loved",1,"ἠγάπησαν = loved",0.0035587188612099642,1,0,0
"489265","jhn","3","35","2",",1470408,",",1254991,",0,"[{'id': 1470408, 'book_id': 'jhn', 'chapter': '3', 'verse': '35', 'word_num': 2, 'word': 'ἀγαπᾷ', 'occurrence': 1, 'strong': 'G00250', 'lemma': 'ἀγαπάω', 'morph': 'Gr,V,IPA3,,S,'}]","ἀγαπᾷ",1,0,"[{'id': 1254991, 'book_id': 'jhn', 'chapter': '3', 'verse': '35', 'word_num': 2, 'word': 'loves', 'occurrence': 1}]","loves",1,"ἀγαπᾷ = loves",0.03202846975088968,9,0,0
"490449","jhn","5","20","3",",1471723,",",1256597,",0,"[{'id': 1471723, 'book_id': 'jhn', 'chapter': '5', 'verse': '20', 'word_num': 3, 'word': 'φιλεῖ', 'occurrence': 1, 'strong': 'G53680', 'lemma': 'φιλέω', 'morph': 'Gr,V,IPA3,,S,'}]","φιλεῖ",1,0,"[{'id': 1256597, 'book_id': 'jhn', 'chapter': '5', 'verse': '20', 'word_num': 3, 'word': 'loves', 'occurrence': 1}]","loves",1,"φιλεῖ = loves",0.0071174377224199285,2,0,0
"490824","jhn","5","42","8",",1472110,",",1257097,",0,"[{'id': 1472110, 'book_id': 'jhn', 'chapter': '5', 'verse': '42', 'word_num': 5, 'word': 'ἀγάπην', 'occurrence': 1, 'strong': 'G00260', 'lemma': 'ἀγάπη', 'morph': 'Gr,N,,,,,AFS,'}]","ἀγάπην",1,0,"[{'id': 1257097, 'book_id': 'jhn', 'chapter': '5', 'verse': '42', 'word_num': 10, 'word': 'love', 'occurrence': 1}]","love",1,"ἀγάπην = love",0.08185053380782918,23,0,0
"493377","jhn","8","42","8",",1475012,1475013,",",1260668,1260669,1260670,",1,"[{'id': 1475012, 'book_id': 'jhn', 'chapter': '8', 'verse': '42', 'word_num': 10, 'word': 'ἠγαπᾶτε', 'occurrence': 1, 'strong': 'G00250', 'lemma': 'ἀγαπάω', 'morph': 'Gr,V,IIA2,,P,'}, {'id': 1475013, 'book_id': 'jhn', 'chapter': '8', 'verse': '42', 'word_num': 11, 'word': 'ἂν', 'occurrence': 1, 'strong': 'G03020', 'lemma': 'ἄν', 'morph': 'Gr,T,,,,,,,,,'}]","ἠγαπᾶτε ἂν",2,2,"[{'id': 1260668, 'book_id': 'jhn', 'chapter': '8', 'verse': '42', 'word_num': 9, 'word': 'you', 'occurrence': 1}, {'id': 1260669, 'book_id': 'jhn', 'chapter': '8', 'verse': '42', 'word_num': 10, 'word': 'would', 'occurrence': 1}, {'id': 1260670, 'book_id': 'jhn', 'chapter': '8', 'verse': '42', 'word_num': 11, 'word': 'love', 'occurrence': 1}]","you would love",3,"ἠγαπᾶτε ἂν = you would love",0.0035587188612099642,1,0,0
"494618","jhn","10","17","3",",1476336,",",1262335,",0,"[{'id': 1476336, 'book_id': 'jhn', 'chapter': '10', 'verse': '17', 'word_num': 5, 'word': 'ἀγαπᾷ', 'occurrence': 1, 'strong': 'G00250', 'lemma': 'ἀγαπάω', 'morph': 'Gr,V,IPA3,,S,'}]","ἀγαπᾷ",1,0,"[{'id': 1262335, 'book_id': 'jhn', 'chapter': '10', 'verse': '17', 'word_num': 5, 'word': 'loves', 'occurrence': 1}]","loves",1,"ἀγαπᾷ = loves",0.03202846975088968,9,0,0
"495041","jhn","11","3","10",",1476787,",",1262891,1262892,",0,"[{'id': 1476787, 'book_id': 'jhn', 'chapter': '11', 'verse': '3', 'word_num': 10, 'word': 'φιλεῖς', 'occurrence': 1, 'strong': 'G53680', 'lemma': 'φιλέω', 'morph': 'Gr,V,IPA2,,S,'}]","φιλεῖς",1,1,"[{'id': 1262891, 'book_id': 'jhn', 'chapter': '11', 'verse': '3', 'word_num': 11, 'word': 'you', 'occurrence': 1}, {'id': 1262892, 'book_id': 'jhn', 'chapter': '11', 'verse': '3', 'word_num': 12, 'word': 'love', 'occurrence': 1}]","you love",2,"φιλεῖς = you love",0.0035587188612099642,1,0,0
"495068","jhn","11","5","2",",1476815,",",1262929,",0,"[{'id': 1476815, 'book_id': 'jhn', 'chapter': '11', 'verse': '5', 'word_num': 0, 'word': 'ἠγάπα', 'occurrence': 1, 'strong': 'G00250', 'lemma': 'ἀγαπάω', 'morph': 'Gr,V,IIA3,,S,'}]","ἠγάπα",1,0,"[{'id': 1262929, 'book_id': 'jhn', 'chapter': '11', 'verse': '5', 'word_num': 2, 'word': 'loved', 'occurrence': 1}]","loved",1,"ἠγάπα = loved",0.014234875444839857,4,0,0
"495508","jhn","11","36","6",",1477296,",",1263521,1263522,",0,"[{'id': 1477296, 'book_id': 'jhn', 'chapter': '11', 'verse': '36', 'word_num': 6, 'word': 'ἐφίλει', 'occurrence': 1, 'strong': 'G53680', 'lemma': 'φιλέω', 'morph': 'Gr,V,IIA3,,S,'}]","ἐφίλει",1,1,"[{'id': 1263521, 'book_id': 'jhn', 'chapter': '11', 'verse': '36', 'word_num': 7, 'word': 'he', 'occurrence': 1}, {'id': 1263522, 'book_id': 'jhn', 'chapter': '11', 'verse': '36', 'word_num': 8, 'word': 'loved', 'occurrence': 1}]","he loved",2,"ἐφίλει = he loved",0.0035587188612099642,1,0,0
"496256","jhn","12","25","0",",1478100,1478101,",",1264547,1264548,1264549,",1,"[{'id': 1478100, 'book_id': 'jhn', 'chapter': '12', 'verse': '25', 'word_num': 0, 'word': 'ὁ', 'occurrence': 1, 'strong': 'G35880', 'lemma': 'ὁ', 'morph': 'Gr,RD,,,,NMS,'}, {'id': 1478101, 'book_id': 'jhn', 'chapter': '12', 'verse': '25', 'word_num': 1, 'word': 'φιλῶν', 'occurrence': 1, 'strong': 'G53680', 'lemma': 'φιλέω', 'morph': 'Gr,V,PPA,NMS,'}]","ὁ φιλῶν",2,2,"[{'id': 1264547, 'book_id': 'jhn', 'chapter': '12', 'verse': '25', 'word_num': 0, 'word': 'He', 'occurrence': 1}, {'id': 1264548, 'book_id': 'jhn', 'chapter': '12', 'verse': '25', 'word_num': 1, 'word': 'who', 'occurrence': 1}, {'id': 1264549, 'book_id': 'jhn', 'chapter': '12', 'verse': '25', 'word_num': 2, 'word': 'loves', 'occurrence': 1}]","He who loves",3,"ὁ φιλῶν = He who loves",0.0035587188612099642,1,0,0
"496566","jhn","12","43","1",",1478431,",",1264966,1264967,",0,"[{'id': 1478431, 'book_id': 'jhn', 'chapter': '12', 'verse': '43', 'word_num': 0, 'word': 'ἠγάπησαν', 'occurrence': 1, 'strong': 'G00250', 'lemma': 'ἀγαπάω', 'morph': 'Gr,V,IAA3,,P,'}]","ἠγάπησαν",1,1,"[{'id': 1264966, 'book_id': 'jhn', 'chapter': '12', 'verse': '43', 'word_num': 1, 'word': 'they', 'occurrence': 1}, {'id': 1264967, 'book_id': 'jhn', 'chapter': '12', 'verse': '43', 'word_num': 2, 'word': 'loved', 'occurrence': 1}]","they loved",2,"ἠγάπησαν = they loved",0.0035587188612099642,1,0,0
"496719","jhn","13","1","20",",1478599,",",1265170,1265171,",0,"[{'id': 1478599, 'book_id': 'jhn', 'chapter': '13', 'verse': '1', 'word_num': 23, 'word': 'ἀγαπήσας', 'occurrence': 1, 'strong': 'G00250', 'lemma': 'ἀγαπάω', 'morph': 'Gr,V,PAA,NMS,'}]","ἀγαπήσας",1,1,"[{'id': 1265170, 'book_id': 'jhn', 'chapter': '13', 'verse': '1', 'word_num': 23, 'word': 'Having', 'occurrence': 1}, {'id': 1265171, 'book_id': 'jhn', 'chapter': '13', 'verse': '1', 'word_num': 24, 'word': 'loved', 'occurrence': 1}]","Having loved",2,"ἀγαπήσας = Having loved",0.0035587188612099642,1,0,0
"496725","jhn","13","1","26",",1478608,",",1265179,1265180,",0,"[{'id': 1478608, 'book_id': 'jhn', 'chapter': '13', 'verse': '1', 'word_num': 32, 'word': 'ἠγάπησεν', 'occurrence': 1, 'strong': 'G00250', 'lemma': 'ἀγαπάω', 'morph': 'Gr,V,IAA3,,S,'}]","ἠγάπησεν",1,1,"[{'id': 1265179, 'book_id': 'jhn', 'chapter': '13', 'verse': '1', 'word_num': 32, 'word': 'he', 'occurrence': 1}, {'id': 1265180, 'book_id': 'jhn', 'chapter': '13', 'verse': '1', 'word_num': 33, 'word': 'loved', 'occurrence': 2}]","he loved",2,"ἠγάπησεν = he loved",0.0071174377224199285,2,0,0
"497065","jhn","13","23","7",",1478979,",",1265656,",0,"[{'id': 1478979, 'book_id': 'jhn', 'chapter': '13', 'verse': '23', 'word_num': 14, 'word': 'ἠγάπα', 'occurrence': 1, 'strong': 'G00250', 'lemma': 'ἀγαπάω', 'morph': 'Gr,V,IIA3,,S,'}]","ἠγάπα",1,0,"[{'id': 1265656, 'book_id': 'jhn', 'chapter': '13', 'verse': '23', 'word_num': 7, 'word': 'loved', 'occurrence': 1}]","loved",1,"ἠγάπα = loved",0.014234875444839857,4,0,0
"497232","jhn","13","34","6",",1479153,",",1265899,1265900,1265901,",0,"[{'id': 1479153, 'book_id': 'jhn', 'chapter': '13', 'verse': '34', 'word_num': 5, 'word': 'ἀγαπᾶτε', 'occurrence': 1, 'strong': 'G00250', 'lemma': 'ἀγαπάω', 'morph': 'Gr,V,SPA2,,P,'}]","ἀγαπᾶτε",1,2,"[{'id': 1265899, 'book_id': 'jhn', 'chapter': '13', 'verse': '34', 'word_num': 8, 'word': 'you', 'occurrence': 2}, {'id': 1265900, 'book_id': 'jhn', 'chapter': '13', 'verse': '34', 'word_num': 9, 'word': 'should', 'occurrence': 1}, {'id': 1265901, 'book_id': 'jhn', 'chapter': '13', 'verse': '34', 'word_num': 10, 'word': 'love', 'occurrence': 1}]","you should love",3,"ἀγαπᾶτε = you should love",0.0035587188612099642,1,0,0
"497235","jhn","13","34","9",",1479156,",",1265905,1265906,1265907,",0,"[{'id': 1479156, 'book_id': 'jhn', 'chapter': '13', 'verse': '34', 'word_num': 8, 'word': 'ἠγάπησα', 'occurrence': 1, 'strong': 'G00250', 'lemma': 'ἀγαπάω', 'morph': 'Gr,V,IAA1,,S,'}]","ἠγάπησα",1,2,"[{'id': 1265905, 'book_id': 'jhn', 'chapter': '13', 'verse': '34', 'word_num': 14, 'word': 'I', 'occurrence': 2}, {'id': 1265906, 'book_id': 'jhn', 'chapter': '13', 'verse': '34', 'word_num': 15, 'word': 'have', 'occurrence': 1}, {'id': 1265907, 'book_id': 'jhn', 'chapter': '13', 'verse': '34', 'word_num': 16, 'word': 'loved', 'occurrence': 1}]","I have loved",3,"ἠγάπησα = I have loved",0.0071174377224199285,2,0,0
"497240","jhn","13","34","14",",1479161,",",1265912,1265913,",0,"[{'id': 1479161, 'book_id': 'jhn', 'chapter': '13', 'verse': '34', 'word_num': 13, 'word': 'ἀγαπᾶτε', 'occurrence': 2, 'strong': 'G00250', 'lemma': 'ἀγαπάω', 'morph': 'Gr,V,SPA2,,P,'}]","ἀγαπᾶτε",1,1,"[{'id': 1265912, 'book_id': 'jhn', 'chapter': '13', 'verse': '34', 'word_num': 21, 'word': 'should', 'occurrence': 2}, {'id': 1265913, 'book_id': 'jhn', 'chapter': '13', 'verse': '34', 'word_num': 22, 'word': 'love', 'occurrence': 2}]","should love",2,"ἀγαπᾶτε = should love",0.0035587188612099642,1,0,0
"497252","jhn","13","35","10",",1479172,",",1265929,",0,"[{'id': 1479172, 'book_id': 'jhn', 'chapter': '13', 'verse': '35', 'word_num': 9, 'word': 'ἀγάπην', 'occurrence': 1, 'strong': 'G00260', 'lemma': 'ἀγάπη', 'morph': 'Gr,N,,,,,AFS,'}]","ἀγάπην",1,0,"[{'id': 1265929, 'book_id': 'jhn', 'chapter': '13', 'verse': '35', 'word_num': 13, 'word': 'love', 'occurrence': 1}]","love",1,"ἀγάπην = love",0.08185053380782918,23,0,0
"497552","jhn","14","15","1",",1479493,",",1266334,1266335,",0,"[{'id': 1479493, 'book_id': 'jhn', 'chapter': '14', 'verse': '15', 'word_num': 1, 'word': 'ἀγαπᾶτέ', 'occurrence': 1, 'strong': 'G00250', 'lemma': 'ἀγαπάω', 'morph': 'Gr,V,SPA2,,P,'}]","ἀγαπᾶτέ",1,1,"[{'id': 1266334, 'book_id': 'jhn', 'chapter': '14', 'verse': '15', 'word_num': 1, 'word': 'you', 'occurrence': 1}, {'id': 1266335, 'book_id': 'jhn', 'chapter': '14', 'verse': '15', 'word_num': 2, 'word': 'love', 'occurrence': 1}]","you love",2,"ἀγαπᾶτέ = you love",0.0035587188612099642,1,0,0
"497650","jhn","14","21","8",",1479597,1479598,",",1266468,1266469,1266470,1266471,",1,"[{'id': 1479597, 'book_id': 'jhn', 'chapter': '14', 'verse': '21', 'word_num': 10, 'word': 'ὁ', 'occurrence': 2, 'strong': 'G35880', 'lemma': 'ὁ', 'morph': 'Gr,RD,,,,NMS,'}, {'id': 1479598, 'book_id': 'jhn', 'chapter': '14', 'verse': '21', 'word_num': 11, 'word': 'ἀγαπῶν', 'occurrence': 1, 'strong': 'G00250', 'lemma': 'ἀγαπάω', 'morph': 'Gr,V,PPA,NMS,'}]","ὁ ἀγαπῶν",2,3,"[{'id': 1266468, 'book_id': 'jhn', 'chapter': '14', 'verse': '21', 'word_num': 10, 'word': 'the', 'occurrence': 1}, {'id': 1266469, 'book_id': 'jhn', 'chapter': '14', 'verse': '21', 'word_num': 11, 'word': 'one', 'occurrence': 1}, {'id': 1266470, 'book_id': 'jhn', 'chapter': '14', 'verse': '21', 'word_num': 12, 'word': 'who', 'occurrence': 2}, {'id': 1266471, 'book_id': 'jhn', 'chapter': '14', 'verse': '21', 'word_num': 13, 'word': 'loves', 'occurrence': 1}]","the one who loves",4,"ὁ ἀγαπῶν = the one who loves",0.0071174377224199285,2,0,0
"497654","jhn","14","21","12",",1479602,",",1266475,1266476,",0,"[{'id': 1479602, 'book_id': 'jhn', 'chapter': '14', 'verse': '21', 'word_num': 15, 'word': 'ἀγαπῶν', 'occurrence': 2, 'strong': 'G00250', 'lemma': 'ἀγαπάω', 'morph': 'Gr,V,PPA,NMS,'}]","ἀγαπῶν",1,1,"[{'id': 1266475, 'book_id': 'jhn', 'chapter': '14', 'verse': '21', 'word_num': 17, 'word': 'who', 'occurrence': 3}, {'id': 1266476, 'book_id': 'jhn', 'chapter': '14', 'verse': '21', 'word_num': 18, 'word': 'loves', 'occurrence': 2}]","who loves",2,"ἀγαπῶν = who loves",0.0071174377224199285,2,0,0
"497656","jhn","14","21","14",",1479604,",",1266478,1266479,1266480,",0,"[{'id': 1479604, 'book_id': 'jhn', 'chapter': '14', 'verse': '21', 'word_num': 17, 'word': 'ἀγαπηθήσεται', 'occurrence': 1, 'strong': 'G00250', 'lemma': 'ἀγαπάω', 'morph': 'Gr,V,IFP3,,S,'}]","ἀγαπηθήσεται",1,2,"[{'id': 1266478, 'book_id': 'jhn', 'chapter': '14', 'verse': '21', 'word_num': 20, 'word': 'will', 'occurrence': 1}, {'id': 1266479, 'book_id': 'jhn', 'chapter': '14', 'verse': '21', 'word_num': 21, 'word': 'be', 'occurrence': 1}, {'id': 1266480, 'book_id': 'jhn', 'chapter': '14', 'verse': '21', 'word_num': 22, 'word': 'loved', 'occurrence': 1}]","will be loved",3,"ἀγαπηθήσεται = will be loved",0.0035587188612099642,1,0,0
"497661","jhn","14","21","19",",1479610,",",1266486,1266487,",0,"[{'id': 1479610, 'book_id': 'jhn', 'chapter': '14', 'verse': '21', 'word_num': 23, 'word': 'ἀγαπήσω', 'occurrence': 1, 'strong': 'G00250', 'lemma': 'ἀγαπάω', 'morph': 'Gr,V,IFA1,,S,'}]","ἀγαπήσω",1,1,"[{'id': 1266486, 'book_id': 'jhn', 'chapter': '14', 'verse': '21', 'word_num': 28, 'word': 'will', 'occurrence': 2}, {'id': 1266487, 'book_id': 'jhn', 'chapter': '14', 'verse': '21', 'word_num': 29, 'word': 'love', 'occurrence': 1}]","will love",2,"ἀγαπήσω = will love",0.0035587188612099642,1,0,0
"497692","jhn","14","23","7",",1479641,",",1266528,",0,"[{'id': 1479641, 'book_id': 'jhn', 'chapter': '14', 'verse': '23', 'word_num': 7, 'word': 'ἀγαπᾷ', 'occurrence': 1, 'strong': 'G00250', 'lemma': 'ἀγαπάω', 'morph': 'Gr,V,SPA3,,S,'}]","ἀγαπᾷ",1,0,"[{'id': 1266528, 'book_id': 'jhn', 'chapter': '14', 'verse': '23', 'word_num': 8, 'word': 'loves', 'occurrence': 1}]","loves",1,"ἀγαπᾷ = loves",0.03202846975088968,9,0,0
"497699","jhn","14","23","14",",1479651,",",1266537,1266538,",0,"[{'id': 1479651, 'book_id': 'jhn', 'chapter': '14', 'verse': '23', 'word_num': 17, 'word': 'ἀγαπήσει', 'occurrence': 1, 'strong': 'G00250', 'lemma': 'ἀγαπάω', 'morph': 'Gr,V,IFA3,,S,'}]","ἀγαπήσει",1,1,"[{'id': 1266537, 'book_id': 'jhn', 'chapter': '14', 'verse': '23', 'word_num': 17, 'word': 'will', 'occurrence': 2}, {'id': 1266538, 'book_id': 'jhn', 'chapter': '14', 'verse': '23', 'word_num': 18, 'word': 'love', 'occurrence': 1}]","will love",2,"ἀγαπήσει = will love",0.0071174377224199285,2,0,0
"497711","jhn","14","24","1",",1479664,",",1266555,",0,"[{'id': 1479664, 'book_id': 'jhn', 'chapter': '14', 'verse': '24', 'word_num': 2, 'word': 'ἀγαπῶν', 'occurrence': 1, 'strong': 'G00250', 'lemma': 'ἀγαπάω', 'morph': 'Gr,V,PPA,NMS,'}]","ἀγαπῶν",1,0,"[{'id': 1266555, 'book_id': 'jhn', 'chapter': '14', 'verse': '24', 'word_num': 1, 'word': 'who', 'occurrence': 1}]","who",1,"ἀγαπῶν = who",0.014234875444839857,4,0,0
"497794","jhn","14","28","11",",1479750,",",1266675,1266676,",0,"[{'id': 1479750, 'book_id': 'jhn', 'chapter': '14', 'verse': '28', 'word_num': 11, 'word': 'ἠγαπᾶτέ', 'occurrence': 1, 'strong': 'G00250', 'lemma': 'ἀγαπάω', 'morph': 'Gr,V,IIA2,,P,'}]","ἠγαπᾶτέ",1,1,"[{'id': 1266675, 'book_id': 'jhn', 'chapter': '14', 'verse': '28', 'word_num': 19, 'word': 'you', 'occurrence': 3}, {'id': 1266676, 'book_id': 'jhn', 'chapter': '14', 'verse': '28', 'word_num': 20, 'word': 'loved', 'occurrence': 1}]","you loved",2,"ἠγαπᾶτέ = you loved",0.0035587188612099642,1,0,0
"497839","jhn","14","31","6",",1479798,",",1266743,1266744,",0,"[{'id': 1479798, 'book_id': 'jhn', 'chapter': '14', 'verse': '31', 'word_num': 6, 'word': 'ἀγαπῶ', 'occurrence': 1, 'strong': 'G00250', 'lemma': 'ἀγαπάω', 'morph': 'Gr,V,IPA1,,S,'}]","ἀγαπῶ",1,1,"[{'id': 1266743, 'book_id': 'jhn', 'chapter': '14', 'verse': '31', 'word_num': 9, 'word': 'I', 'occurrence': 1}, {'id': 1266744, 'book_id': 'jhn', 'chapter': '14', 'verse': '31', 'word_num': 10, 'word': 'love', 'occurrence': 1}]","I love",2,"ἀγαπῶ = I love",0.0035587188612099642,1,0,0
"497998","jhn","15","9","3",",1479965,",",1266954,1266955,",0,"[{'id': 1479965, 'book_id': 'jhn', 'chapter': '15', 'verse': '9', 'word_num': 1, 'word': 'ἠγάπησέν', 'occurrence': 1, 'strong': 'G00250', 'lemma': 'ἀγαπάω', 'morph': 'Gr,V,IAA3,,S,'}]","ἠγάπησέν",1,1,"[{'id': 1266954, 'book_id': 'jhn', 'chapter': '15', 'verse': '9', 'word_num': 3, 'word': 'has', 'occurrence': 1}, {'id': 1266955, 'book_id': 'jhn', 'chapter': '15', 'verse': '9', 'word_num': 4, 'word': 'loved', 'occurrence': 1}]","has loved",2,"ἠγάπησέν = has loved",0.0035587188612099642,1,0,0
"498001","jhn","15","9","6",",1479971,",",1266958,",0,"[{'id': 1479971, 'book_id': 'jhn', 'chapter': '15', 'verse': '9', 'word_num': 7, 'word': 'ἠγάπησα', 'occurrence': 1, 'strong': 'G00250', 'lemma': 'ἀγαπάω', 'morph': 'Gr,V,IAA1,,S,'}]","ἠγάπησα",1,0,"[{'id': 1266958, 'book_id': 'jhn', 'chapter': '15', 'verse': '9', 'word_num': 7, 'word': 'have', 'occurrence': 1}]","have",1,"ἠγάπησα = have",0.0035587188612099642,1,0,0
"498008","jhn","15","9","13",",1479974,1479975,",",1266965,",1,"[{'id': 1479974, 'book_id': 'jhn', 'chapter': '15', 'verse': '9', 'word_num': 10, 'word': 'τῇ', 'occurrence': 1, 'strong': 'G35880', 'lemma': 'ὁ', 'morph': 'Gr,EA,,,,DFS,'}, {'id': 1479975, 'book_id': 'jhn', 'chapter': '15', 'verse': '9', 'word_num': 11, 'word': 'ἀγάπῃ', 'occurrence': 1, 'strong': 'G00260', 'lemma': 'ἀγάπη', 'morph': 'Gr,N,,,,,DFS,'}]","τῇ ἀγάπῃ",2,0,"[{'id': 1266965, 'book_id': 'jhn', 'chapter': '15', 'verse': '9', 'word_num': 14, 'word': 'love', 'occurrence': 1}]","love",1,"τῇ ἀγάπῃ = love",0.02491103202846975,7,0,0
"498016","jhn","15","10","7",",1479985,1479986,",",1266976,",1,"[{'id': 1479985, 'book_id': 'jhn', 'chapter': '15', 'verse': '10', 'word_num': 7, 'word': 'τῇ', 'occurrence': 1, 'strong': 'G35880', 'lemma': 'ὁ', 'morph': 'Gr,EA,,,,DFS,'}, {'id': 1479986, 'book_id': 'jhn', 'chapter': '15', 'verse': '10', 'word_num': 8, 'word': 'ἀγάπῃ', 'occurrence': 1, 'strong': 'G00260', 'lemma': 'ἀγάπη', 'morph': 'Gr,N,,,,,DFS,'}]","τῇ ἀγάπῃ",2,0,"[{'id': 1266976, 'book_id': 'jhn', 'chapter': '15', 'verse': '10', 'word_num': 10, 'word': 'love', 'occurrence': 1}]","love",1,"τῇ ἀγάπῃ = love",0.02491103202846975,7,0,0
"498028","jhn","15","10","19",",1479999,1480000,",",1266990,",1,"[{'id': 1479999, 'book_id': 'jhn', 'chapter': '15', 'verse': '10', 'word_num': 21, 'word': 'τῇ', 'occurrence': 2, 'strong': 'G35880', 'lemma': 'ὁ', 'morph': 'Gr,EA,,,,DFS,'}, {'id': 1480000, 'book_id': 'jhn', 'chapter': '15', 'verse': '10', 'word_num': 22, 'word': 'ἀγάπῃ', 'occurrence': 2, 'strong': 'G00260', 'lemma': 'ἀγάπη', 'morph': 'Gr,N,,,,,DFS,'}]","τῇ ἀγάπῃ",2,0,"[{'id': 1266990, 'book_id': 'jhn', 'chapter': '15', 'verse': '10', 'word_num': 24, 'word': 'love', 'occurrence': 2}]","love",1,"τῇ ἀγάπῃ = love",0.02491103202846975,7,0,0
"498047","jhn","15","12","5",",1480024,",",1267019,1267020,",0,"[{'id': 1480024, 'book_id': 'jhn', 'chapter': '15', 'verse': '12', 'word_num': 7, 'word': 'ἀγαπᾶτε', 'occurrence': 1, 'strong': 'G00250', 'lemma': 'ἀγαπάω', 'morph': 'Gr,V,SPA2,,P,'}]","ἀγαπᾶτε",1,1,"[{'id': 1267019, 'book_id': 'jhn', 'chapter': '15', 'verse': '12', 'word_num': 5, 'word': 'you', 'occurrence': 1}, {'id': 1267020, 'book_id': 'jhn', 'chapter': '15', 'verse': '12', 'word_num': 6, 'word': 'love', 'occurrence': 1}]","you love",2,"ἀγαπᾶτε = you love",0.014234875444839857,4,0,0
"498050","jhn","15","12","8",",1480027,",",1267024,1267025,1267026,",0,"[{'id': 1480027, 'book_id': 'jhn', 'chapter': '15', 'verse': '12', 'word_num': 10, 'word': 'ἠγάπησα', 'occurrence': 1, 'strong': 'G00250', 'lemma': 'ἀγαπάω', 'morph': 'Gr,V,IAA1,,S,'}]","ἠγάπησα",1,2,"[{'id': 1267024, 'book_id': 'jhn', 'chapter': '15', 'verse': '12', 'word_num': 10, 'word': 'I', 'occurrence': 1}, {'id': 1267025, 'book_id': 'jhn', 'chapter': '15', 'verse': '12', 'word_num': 11, 'word': 'have', 'occurrence': 1}, {'id': 1267026, 'book_id': 'jhn', 'chapter': '15', 'verse': '12', 'word_num': 12, 'word': 'loved', 'occurrence': 1}]","I have loved",3,"ἠγάπησα = I have loved",0.0071174377224199285,2,0,0
"498055","jhn","15","13","3",",1480031,",",1267032,",0,"[{'id': 1480031, 'book_id': 'jhn', 'chapter': '15', 'verse': '13', 'word_num': 2, 'word': 'ἀγάπην', 'occurrence': 1, 'strong': 'G00260', 'lemma': 'ἀγάπη', 'morph': 'Gr,N,,,,,AFS,'}]","ἀγάπην",1,0,"[{'id': 1267032, 'book_id': 'jhn', 'chapter': '15', 'verse': '13', 'word_num': 4, 'word': 'love', 'occurrence': 1}]","love",1,"ἀγάπην = love",0.08185053380782918,23,0,0
"498137","jhn","15","17","4",",1480121,",",1267147,1267148,",0,"[{'id': 1480121, 'book_id': 'jhn', 'chapter': '15', 'verse': '17', 'word_num': 4, 'word': 'ἀγαπᾶτε', 'occurrence': 1, 'strong': 'G00250', 'lemma': 'ἀγαπάω', 'morph': 'Gr,V,SPA2,,P,'}]","ἀγαπᾶτε",1,1,"[{'id': 1267147, 'book_id': 'jhn', 'chapter': '15', 'verse': '17', 'word_num': 7, 'word': 'you', 'occurrence': 2}, {'id': 1267148, 'book_id': 'jhn', 'chapter': '15', 'verse': '17', 'word_num': 8, 'word': 'love', 'occurrence': 1}]","you love",2,"ἀγαπᾶτε = you love",0.014234875444839857,4,0,0
"498157","jhn","15","19","7",",1480144,",",1267174,1267175,1267176,",0,"[{'id': 1480144, 'book_id': 'jhn', 'chapter': '15', 'verse': '19', 'word_num': 10, 'word': 'ἐφίλει', 'occurrence': 1, 'strong': 'G53680', 'lemma': 'φιλέω', 'morph': 'Gr,V,IIA3,,S,'}]","ἐφίλει",1,2,"[{'id': 1267174, 'book_id': 'jhn', 'chapter': '15', 'verse': '19', 'word_num': 8, 'word': 'would', 'occurrence': 1}, {'id': 1267175, 'book_id': 'jhn', 'chapter': '15', 'verse': '19', 'word_num': 9, 'word': 'love', 'occurrence': 1}, {'id': 1267176, 'book_id': 'jhn', 'chapter': '15', 'verse': '19', 'word_num': 10, 'word': 'you', 'occurrence': 2}]","would love you",3,"ἐφίλει = would love you",0.0035587188612099642,1,0,0
"498780","jhn","16","27","4",",1480776,",",1268061,",0,"[{'id': 1480776, 'book_id': 'jhn', 'chapter': '16', 'verse': '27', 'word_num': 4, 'word': 'φιλεῖ', 'occurrence': 1, 'strong': 'G53680', 'lemma': 'φιλέω', 'morph': 'Gr,V,IPA3,,S,'}]","φιλεῖ",1,0,"[{'id': 1268061, 'book_id': 'jhn', 'chapter': '16', 'verse': '27', 'word_num': 4, 'word': 'loves', 'occurrence': 1}]","loves",1,"φιλεῖ = loves",0.0071174377224199285,2,0,0
"498784","jhn","16","27","8",",1480781,",",1268065,1268066,",0,"[{'id': 1480781, 'book_id': 'jhn', 'chapter': '16', 'verse': '27', 'word_num': 9, 'word': 'πεφιλήκατε', 'occurrence': 1, 'strong': 'G53680', 'lemma': 'φιλέω', 'morph': 'Gr,V,IEA2,,P,'}]","πεφιλήκατε",1,1,"[{'id': 1268065, 'book_id': 'jhn', 'chapter': '16', 'verse': '27', 'word_num': 8, 'word': 'have', 'occurrence': 1}, {'id': 1268066, 'book_id': 'jhn', 'chapter': '16', 'verse': '27', 'word_num': 9, 'word': 'loved', 'occurrence': 1}]","have loved",2,"πεφιλήκατε = have loved",0.0035587188612099642,1,0,0
"499299","jhn","17","23","19",",1481315,",",1268768,1268769,1268770,",0,"[{'id': 1481315, 'book_id': 'jhn', 'chapter': '17', 'verse': '23', 'word_num': 21, 'word': 'ἠγάπησας', 'occurrence': 1, 'strong': 'G00250', 'lemma': 'ἀγαπάω', 'morph': 'Gr,V,IAA2,,S,'}]","ἠγάπησας",1,2,"[{'id': 1268768, 'book_id': 'jhn', 'chapter': '17', 'verse': '23', 'word_num': 27, 'word': 'you', 'occurrence': 3}, {'id': 1268769, 'book_id': 'jhn', 'chapter': '17', 'verse': '23', 'word_num': 28, 'word': 'have', 'occurrence': 1}, {'id': 1268770, 'book_id': 'jhn', 'chapter': '17', 'verse': '23', 'word_num': 29, 'word': 'loved', 'occurrence': 1}]","you have loved",3,"ἠγάπησας = you have loved",0.0035587188612099642,1,0,0
"499302","jhn","17","23","22",",1481319,",",1268774,1268775,",0,"[{'id': 1481319, 'book_id': 'jhn', 'chapter': '17', 'verse': '23', 'word_num': 25, 'word': 'ἠγάπησας', 'occurrence': 2, 'strong': 'G00250', 'lemma': 'ἀγαπάω', 'morph': 'Gr,V,IAA2,,S,'}]","ἠγάπησας",1,1,"[{'id': 1268774, 'book_id': 'jhn', 'chapter': '17', 'verse': '23', 'word_num': 33, 'word': 'you', 'occurrence': 4}, {'id': 1268775, 'book_id': 'jhn', 'chapter': '17', 'verse': '23', 'word_num': 34, 'word': 'loved', 'occurrence': 2}]","you loved",2,"ἠγάπησας = you loved",0.0035587188612099642,1,0,0
"499325","jhn","17","24","21",",1481343,",",1268806,1268807,",0,"[{'id': 1481343, 'book_id': 'jhn', 'chapter': '17', 'verse': '24', 'word_num': 23, 'word': 'ἠγάπησάς', 'occurrence': 1, 'strong': 'G00250', 'lemma': 'ἀγαπάω', 'morph': 'Gr,V,IAA2,,S,'}]","ἠγάπησάς",1,1,"[{'id': 1268806, 'book_id': 'jhn', 'chapter': '17', 'verse': '24', 'word_num': 29, 'word': 'you', 'occurrence': 3}, {'id': 1268807, 'book_id': 'jhn', 'chapter': '17', 'verse': '24', 'word_num': 30, 'word': 'loved', 'occurrence': 1}]","you loved",2,"ἠγάπησάς = you loved",0.0035587188612099642,1,0,0
"499356","jhn","17","26","9",",1481377,",",1268850,",0,"[{'id': 1481377, 'book_id': 'jhn', 'chapter': '17', 'verse': '26', 'word_num': 10, 'word': 'ἀγάπη', 'occurrence': 1, 'strong': 'G00260', 'lemma': 'ἀγάπη', 'morph': 'Gr,N,,,,,NFS,'}]","ἀγάπη",1,0,"[{'id': 1268850, 'book_id': 'jhn', 'chapter': '17', 'verse': '26', 'word_num': 16, 'word': 'love', 'occurrence': 1}]","love",1,"ἀγάπη = love",0.06405693950177936,18,0,0
"499358","jhn","17","26","11",",1481379,",",1268853,1268854,1268855,",0,"[{'id': 1481379, 'book_id': 'jhn', 'chapter': '17', 'verse': '26', 'word_num': 12, 'word': 'ἠγάπησάς', 'occurrence': 1, 'strong': 'G00250', 'lemma': 'ἀγαπάω', 'morph': 'Gr,V,IAA2,,S,'}]","ἠγάπησάς",1,2,"[{'id': 1268853, 'book_id': 'jhn', 'chapter': '17', 'verse': '26', 'word_num': 19, 'word': 'you', 'occurrence': 1}, {'id': 1268854, 'book_id': 'jhn', 'chapter': '17', 'verse': '26', 'word_num': 20, 'word': 'have', 'occurrence': 1}, {'id': 1268855, 'book_id': 'jhn', 'chapter': '17', 'verse': '26', 'word_num': 21, 'word': 'loved', 'occurrence': 1}]","you have loved",3,"ἠγάπησάς = you have loved",0.0035587188612099642,1,0,0
"500570","jhn","19","26","9",",1482688,",",1270518,1270519,",0,"[{'id': 1482688, 'book_id': 'jhn', 'chapter': '19', 'verse': '26', 'word_num': 10, 'word': 'ἠγάπα', 'occurrence': 1, 'strong': 'G00250', 'lemma': 'ἀγαπάω', 'morph': 'Gr,V,IIA3,,S,'}]","ἠγάπα",1,1,"[{'id': 1270518, 'book_id': 'jhn', 'chapter': '19', 'verse': '26', 'word_num': 9, 'word': 'he', 'occurrence': 1}, {'id': 1270519, 'book_id': 'jhn', 'chapter': '19', 'verse': '26', 'word_num': 10, 'word': 'loved', 'occurrence': 1}]","he loved",2,"ἠγάπα = he loved",0.0035587188612099642,1,0,0
"500893","jhn","20","2","14",",1483032,",",1270974,",0,"[{'id': 1483032, 'book_id': 'jhn', 'chapter': '20', 'verse': '2', 'word_num': 13, 'word': 'ἐφίλει', 'occurrence': 1, 'strong': 'G53680', 'lemma': 'φιλέω', 'morph': 'Gr,V,IIA3,,S,'}]","ἐφίλει",1,0,"[{'id': 1270974, 'book_id': 'jhn', 'chapter': '20', 'verse': '2', 'word_num': 15, 'word': 'loved', 'occurrence': 1}]","loved",1,"ἐφίλει = loved",0.0035587188612099642,1,0,0
"501557","jhn","21","7","5",",1483741,",",1271853,",0,"[{'id': 1483741, 'book_id': 'jhn', 'chapter': '21', 'verse': '7', 'word_num': 6, 'word': 'ἠγάπα', 'occurrence': 1, 'strong': 'G00250', 'lemma': 'ἀγαπάω', 'morph': 'Gr,V,IIA3,,S,'}]","ἠγάπα",1,0,"[{'id': 1271853, 'book_id': 'jhn', 'chapter': '21', 'verse': '7', 'word_num': 5, 'word': 'loved', 'occurrence': 1}]","loved",1,"ἠγάπα = loved",0.014234875444839857,4,0,0
"501708","jhn","21","15","9",",1483897,",",1272055,1272056,1272057,",0,"[{'id': 1483897, 'book_id': 'jhn', 'chapter': '21', 'verse': '15', 'word_num': 11, 'word': 'ἀγαπᾷς', 'occurrence': 1, 'strong': 'G00250', 'lemma': 'ἀγαπάω', 'morph': 'Gr,V,IPA2,,S,'}]","ἀγαπᾷς",1,2,"[{'id': 1272055, 'book_id': 'jhn', 'chapter': '21', 'verse': '15', 'word_num': 14, 'word': 'do', 'occurrence': 1}, {'id': 1272056, 'book_id': 'jhn', 'chapter': '21', 'verse': '15', 'word_num': 15, 'word': 'you', 'occurrence': 1}, {'id': 1272057, 'book_id': 'jhn', 'chapter': '21', 'verse': '15', 'word_num': 16, 'word': 'love', 'occurrence': 1}]","do you love",3,"ἀγαπᾷς = do you love",0.0071174377224199285,2,0,0
"501719","jhn","21","15","20",",1483908,",",1272071,",0,"[{'id': 1483908, 'book_id': 'jhn', 'chapter': '21', 'verse': '15', 'word_num': 22, 'word': 'φιλῶ', 'occurrence': 1, 'strong': 'G53680', 'lemma': 'φιλέω', 'morph': 'Gr,V,IPA1,,S,'}]","φιλῶ",1,0,"[{'id': 1272071, 'book_id': 'jhn', 'chapter': '21', 'verse': '15', 'word_num': 30, 'word': 'I', 'occurrence': 1}]","I",1,"φιλῶ = I",0.0035587188612099642,1,0,0
"501733","jhn","21","16","6",",1483922,",",1272093,1272094,1272095,",0,"[{'id': 1483922, 'book_id': 'jhn', 'chapter': '21', 'verse': '16', 'word_num': 6, 'word': 'ἀγαπᾷς', 'occurrence': 1, 'strong': 'G00250', 'lemma': 'ἀγαπάω', 'morph': 'Gr,V,IPA2,,S,'}]","ἀγαπᾷς",1,2,"[{'id': 1272093, 'book_id': 'jhn', 'chapter': '21', 'verse': '16', 'word_num': 12, 'word': 'do', 'occurrence': 1}, {'id': 1272094, 'book_id': 'jhn', 'chapter': '21', 'verse': '16', 'word_num': 13, 'word': 'you', 'occurrence': 1}, {'id': 1272095, 'book_id': 'jhn', 'chapter': '21', 'verse': '16', 'word_num': 14, 'word': 'love', 'occurrence': 1}]","do you love",3,"ἀγαπᾷς = do you love",0.0071174377224199285,2,0,0
"501742","jhn","21","16","15",",1483931,",",1272106,1272107,",0,"[{'id': 1483931, 'book_id': 'jhn', 'chapter': '21', 'verse': '16', 'word_num': 15, 'word': 'φιλῶ', 'occurrence': 1, 'strong': 'G53680', 'lemma': 'φιλέω', 'morph': 'Gr,V,IPA1,,S,'}]","φιλῶ",1,1,"[{'id': 1272106, 'book_id': 'jhn', 'chapter': '21', 'verse': '16', 'word_num': 25, 'word': 'I', 'occurrence': 1}, {'id': 1272107, 'book_id': 'jhn', 'chapter': '21', 'verse': '16', 'word_num': 26, 'word': 'love', 'occurrence': 2}]","I love",2,"φιλῶ = I love",0.010676156583629894,3,0,0
"501755","jhn","21","17","5",",1483945,",",1272129,1272130,1272131,",0,"[{'id': 1483945, 'book_id': 'jhn', 'chapter': '21', 'verse': '17', 'word_num': 6, 'word': 'φιλεῖς', 'occurrence': 1, 'strong': 'G53680', 'lemma': 'φιλέω', 'morph': 'Gr,V,IPA2,,S,'}]","φιλεῖς",1,2,"[{'id': 1272129, 'book_id': 'jhn', 'chapter': '21', 'verse': '17', 'word_num': 11, 'word': 'do', 'occurrence': 1}, {'id': 1272130, 'book_id': 'jhn', 'chapter': '21', 'verse': '17', 'word_num': 12, 'word': 'you', 'occurrence': 1}, {'id': 1272131, 'book_id': 'jhn', 'chapter': '21', 'verse': '17', 'word_num': 13, 'word': 'love', 'occurrence': 1}]","do you love",3,"φιλεῖς = do you love",0.0035587188612099642,1,0,0
"501763","jhn","21","17","13",",1483955,",",1272145,1272146,1272147,",0,"[{'id': 1483955, 'book_id': 'jhn', 'chapter': '21', 'verse': '17', 'word_num': 16, 'word': 'φιλεῖς', 'occurrence': 2, 'strong': 'G53680', 'lemma': 'φιλέω', 'morph': 'Gr,V,IPA2,,S,'}]","φιλεῖς",1,2,"[{'id': 1272145, 'book_id': 'jhn', 'chapter': '21', 'verse': '17', 'word_num': 27, 'word': 'Do', 'occurrence': 1}, {'id': 1272146, 'book_id': 'jhn', 'chapter': '21', 'verse': '17', 'word_num': 28, 'word': 'you', 'occurrence': 2}, {'id': 1272147, 'book_id': 'jhn', 'chapter': '21', 'verse': '17', 'word_num': 29, 'word': 'love', 'occurrence': 2}]","Do you love",3,"φιλεῖς = Do you love",0.0035587188612099642,1,0,0
"501774","jhn","21","17","24",",1483967,",",1272161,1272162,",0,"[{'id': 1483967, 'book_id': 'jhn', 'chapter': '21', 'verse': '17', 'word_num': 28, 'word': 'φιλῶ', 'occurrence': 1, 'strong': 'G53680', 'lemma': 'φιλέω', 'morph': 'Gr,V,IPA1,,S,'}]","φιλῶ",1,1,"[{'id': 1272161, 'book_id': 'jhn', 'chapter': '21', 'verse': '17', 'word_num': 43, 'word': 'I', 'occurrence': 1}, {'id': 1272162, 'book_id': 'jhn', 'chapter': '21', 'verse': '17', 'word_num': 44, 'word': 'love', 'occurrence': 3}]","I love",2,"φιλῶ = I love",0.010676156583629894,3,0,0
"501833","jhn","21","20","7",",1484029,",",1272253,",0,"[{'id': 1484029, 'book_id': 'jhn', 'chapter': '21', 'verse': '20', 'word_num': 7, 'word': 'ἠγάπα', 'occurrence': 1, 'strong': 'G00250', 'lemma': 'ἀγαπάω', 'morph': 'Gr,V,IIA3,,S,'}]","ἠγάπα",1,0,"[{'id': 1272253, 'book_id': 'jhn', 'chapter': '21', 'verse': '20', 'word_num': 9, 'word': 'loved', 'occurrence': 1}]","loved",1,"ἠγάπα = loved",0.014234875444839857,4,0,0
"519326","act","28","2","6",",1502034,1502036,",",1296027,",2,"[{'id': 1502034, 'book_id': 'act', 'chapter': '28', 'verse': '2', 'word_num': 5, 'word': 'τὴν', 'occurrence': 1, 'strong': 'G35880', 'lemma': 'ὁ', 'morph': 'Gr,EA,,,,AFS,'}, {'id': 1502036, 'book_id': 'act', 'chapter': '28', 'verse': '2', 'word_num': 7, 'word': 'φιλανθρωπίαν', 'occurrence': 1, 'strong': 'G53630', 'lemma': 'φιλανθρωπία', 'morph': 'Gr,N,,,,,AFS,'}]","τὴν φιλανθρωπίαν",2,0,"[{'id': 1296027, 'book_id': 'act', 'chapter': '28', 'verse': '2', 'word_num': 8, 'word': 'kindness', 'occurrence': 1}]","kindness",1,"τὴν φιλανθρωπίαν = kindness",0.0035587188612099642,1,1,0
"521602","rom","5","5","7",",1504518,",",1299497,",0,"[{'id': 1504518, 'book_id': 'rom', 'chapter': '5', 'verse': '5', 'word_num': 7, 'word': 'ἀγάπη', 'occurrence': 1, 'strong': 'G00260', 'lemma': 'ἀγάπη', 'morph': 'Gr,N,,,,,NFS,'}]","ἀγάπη",1,0,"[{'id': 1299497, 'book_id': 'rom', 'chapter': '5', 'verse': '5', 'word_num': 8, 'word': 'love', 'occurrence': 1}]","love",1,"ἀγάπη = love",0.06405693950177936,18,0,0
"521644","rom","5","8","4",",1504563,",",1299555,",0,"[{'id': 1504563, 'book_id': 'rom', 'chapter': '5', 'verse': '8', 'word_num': 4, 'word': 'ἀγάπην', 'occurrence': 1, 'strong': 'G00260', 'lemma': 'ἀγάπη', 'morph': 'Gr,N,,,,,AFS,'}]","ἀγάπην",1,0,"[{'id': 1299555, 'book_id': 'rom', 'chapter': '5', 'verse': '8', 'word_num': 5, 'word': 'love', 'occurrence': 1}]","love",1,"ἀγάπην = love",0.08185053380782918,23,0,0
"523139","rom","8","28","3",",1506171,1506172,",",1301827,1301828,1301829,1301830,",1,"[{'id': 1506171, 'book_id': 'rom', 'chapter': '8', 'verse': '28', 'word_num': 3, 'word': 'τοῖς', 'occurrence': 1, 'strong': 'G35880', 'lemma': 'ὁ', 'morph': 'Gr,RD,,,,DMP,'}, {'id': 1506172, 'book_id': 'rom', 'chapter': '8', 'verse': '28', 'word_num': 4, 'word': 'ἀγαπῶσι', 'occurrence': 1, 'strong': 'G00250', 'lemma': 'ἀγαπάω', 'morph': 'Gr,V,PPA,DMP,'}]","τοῖς ἀγαπῶσι",2,3,"[{'id': 1301827, 'book_id': 'rom', 'chapter': '8', 'verse': '28', 'word_num': 4, 'word': 'for', 'occurrence': 1}, {'id': 1301828, 'book_id': 'rom', 'chapter': '8', 'verse': '28', 'word_num': 5, 'word': 'those', 'occurrence': 1}, {'id': 1301829, 'book_id': 'rom', 'chapter': '8', 'verse': '28', 'word_num': 6, 'word': 'who', 'occurrence': 1}, {'id': 1301830, 'book_id': 'rom', 'chapter': '8', 'verse': '28', 'word_num': 7, 'word': 'love', 'occurrence': 1}]","for those who love",4,"τοῖς ἀγαπῶσι = for those who love",0.0035587188612099642,1,0,0
"523259","rom","8","35","5",",1506293,",",1302005,",0,"[{'id': 1506293, 'book_id': 'rom', 'chapter': '8', 'verse': '35', 'word_num': 5, 'word': 'ἀγάπης', 'occurrence': 1, 'strong': 'G00260', 'lemma': 'ἀγάπη', 'morph': 'Gr,N,,,,,GFS,'}]","ἀγάπης",1,0,"[{'id': 1302005, 'book_id': 'rom', 'chapter': '8', 'verse': '35', 'word_num': 6, 'word': 'love', 'occurrence': 1}]","love",1,"ἀγάπης = love",0.03914590747330961,11,0,0
"523292","rom","8","37","6",",1506328,1506329,",",1302054,1302055,1302056,1302057,",1,"[{'id': 1506328, 'book_id': 'rom', 'chapter': '8', 'verse': '37', 'word_num': 6, 'word': 'τοῦ', 'occurrence': 1, 'strong': 'G35880', 'lemma': 'ὁ', 'morph': 'Gr,RD,,,,GMS,'}, {'id': 1506329, 'book_id': 'rom', 'chapter': '8', 'verse': '37', 'word_num': 7, 'word': 'ἀγαπήσαντος', 'occurrence': 1, 'strong': 'G00250', 'lemma': 'ἀγαπάω', 'morph': 'Gr,V,PAA,GMS,'}]","τοῦ ἀγαπήσαντος",2,3,"[{'id': 1302054, 'book_id': 'rom', 'chapter': '8', 'verse': '37', 'word_num': 11, 'word': 'the', 'occurrence': 1}, {'id': 1302055, 'book_id': 'rom', 'chapter': '8', 'verse': '37', 'word_num': 12, 'word': 'one', 'occurrence': 1}, {'id': 1302056, 'book_id': 'rom', 'chapter': '8', 'verse': '37', 'word_num': 13, 'word': 'who', 'occurrence': 1}, {'id': 1302057, 'book_id': 'rom', 'chapter': '8', 'verse': '37', 'word_num': 14, 'word': 'loved', 'occurrence': 1}]","the one who loved",4,"τοῦ ἀγαπήσαντος = the one who loved",0.0035587188612099642,1,0,0
"523324","rom","8","39","13",",1506361,",",1302099,",0,"[{'id': 1506361, 'book_id': 'rom', 'chapter': '8', 'verse': '39', 'word_num': 13, 'word': 'ἀγάπης', 'occurrence': 1, 'strong': 'G00260', 'lemma': 'ἀγάπη', 'morph': 'Gr,N,,,,,GFS,'}]","ἀγάπης",1,0,"[{'id': 1302099, 'book_id': 'rom', 'chapter': '8', 'verse': '39', 'word_num': 17, 'word': 'love', 'occurrence': 1}]","love",1,"ἀγάπης = love",0.03914590747330961,11,0,0
"523518","rom","9","13","3",",1506570,",",1302389,1302390,",0,"[{'id': 1506570, 'book_id': 'rom', 'chapter': '9', 'verse': '13', 'word_num': 4, 'word': 'ἠγάπησα', 'occurrence': 1, 'strong': 'G00250', 'lemma': 'ἀγαπάω', 'morph': 'Gr,V,IAA1,,S,'}]","ἠγάπησα",1,1,"[{'id': 1302389, 'book_id': 'rom', 'chapter': '9', 'verse': '13', 'word_num': 8, 'word': 'I', 'occurrence': 1}, {'id': 1302390, 'book_id': 'rom', 'chapter': '9', 'verse': '13', 'word_num': 9, 'word': 'loved', 'occurrence': 1}]","I loved",2,"ἠγάπησα = I loved",0.0035587188612099642,1,0,0
"523692","rom","9","25","15",",1506768,",",1302685,",0,"[{'id': 1506768, 'book_id': 'rom', 'chapter': '9', 'verse': '25', 'word_num': 16, 'word': 'ἠγαπημένην', 'occurrence': 1, 'strong': 'G00250', 'lemma': 'ἀγαπάω', 'morph': 'Gr,V,PEP,AFS,'}]","ἠγαπημένην",1,0,"[{'id': 1302685, 'book_id': 'rom', 'chapter': '9', 'verse': '25', 'word_num': 20, 'word': 'was', 'occurrence': 1}]","was",1,"ἠγαπημένην = was",0.0035587188612099642,1,0,0
"523690","rom","9","25","13",",1506769,",",1302682,1302683,",0,"[{'id': 1506769, 'book_id': 'rom', 'chapter': '9', 'verse': '25', 'word_num': 17, 'word': 'ἠγαπημένην', 'occurrence': 2, 'strong': 'G00250', 'lemma': 'ἀγαπάω', 'morph': 'Gr,V,PEP,AFS,'}]","ἠγαπημένην",1,1,"[{'id': 1302682, 'book_id': 'rom', 'chapter': '9', 'verse': '25', 'word_num': 17, 'word': 'her', 'occurrence': 1}, {'id': 1302683, 'book_id': 'rom', 'chapter': '9', 'verse': '25', 'word_num': 18, 'word': 'beloved', 'occurrence': 1}]","her beloved",2,"ἠγαπημένην = her beloved",0.0035587188612099642,1,0,0
"524802","rom","12","9","1",",1507972,1507973,",",1304381,",1,"[{'id': 1507972, 'book_id': 'rom', 'chapter': '12', 'verse': '9', 'word_num': 0, 'word': 'ἡ', 'occurrence': 1, 'strong': 'G35880', 'lemma': 'ὁ', 'morph': 'Gr,EP,,,,NFS,'}, {'id': 1507973, 'book_id': 'rom', 'chapter': '12', 'verse': '9', 'word_num': 1, 'word': 'ἀγάπη', 'occurrence': 1, 'strong': 'G00260', 'lemma': 'ἀγάπη', 'morph': 'Gr,N,,,,,NFS,'}]","ἡ ἀγάπη",2,0,"[{'id': 1304381, 'book_id': 'rom', 'chapter': '12', 'verse': '9', 'word_num': 1, 'word': 'love', 'occurrence': 1}]","love",1,"ἡ ἀγάπη = love",0.03558718861209965,10,0,0
"524810","rom","12","10","0",",1507981,1507982,",",1304396,1304397,1304398,1304399,1304400,",1,"[{'id': 1507981, 'book_id': 'rom', 'chapter': '12', 'verse': '10', 'word_num': 0, 'word': 'τῇ', 'occurrence': 1, 'strong': 'G35880', 'lemma': 'ὁ', 'morph': 'Gr,EA,,,,DFS,'}, {'id': 1507982, 'book_id': 'rom', 'chapter': '12', 'verse': '10', 'word_num': 1, 'word': 'φιλαδελφίᾳ', 'occurrence': 1, 'strong': 'G53600', 'lemma': 'φιλαδελφία', 'morph': 'Gr,N,,,,,DFS,'}]","τῇ φιλαδελφίᾳ",2,4,"[{'id': 1304396, 'book_id': 'rom', 'chapter': '12', 'verse': '10', 'word_num': 0, 'word': 'Concerning', 'occurrence': 1}, {'id': 1304397, 'book_id': 'rom', 'chapter': '12', 'verse': '10', 'word_num': 1, 'word': 'love', 'occurrence': 1}, {'id': 1304398, 'book_id': 'rom', 'chapter': '12', 'verse': '10', 'word_num': 2, 'word': 'of', 'occurrence': 1}, {'id': 1304399, 'book_id': 'rom', 'chapter': '12', 'verse': '10', 'word_num': 3, 'word': 'the', 'occurrence': 1}, {'id': 1304400, 'book_id': 'rom', 'chapter': '12', 'verse': '10', 'word_num': 4, 'word': 'brothers', 'occurrence': 1}]","Concerning love of the brothers",5,"τῇ φιλαδελφίᾳ = Concerning love of the brothers",0.0035587188612099642,1,0,0
"525057","rom","13","8","4",",1508269,",",1304797,1304798,",0,"[{'id': 1508269, 'book_id': 'rom', 'chapter': '13', 'verse': '8', 'word_num': 7, 'word': 'ἀγαπᾶν', 'occurrence': 1, 'strong': 'G00250', 'lemma': 'ἀγαπάω', 'morph': 'Gr,V,NPA,,,,,'}]","ἀγαπᾶν",1,1,"[{'id': 1304797, 'book_id': 'rom', 'chapter': '13', 'verse': '8', 'word_num': 5, 'word': 'to', 'occurrence': 1}, {'id': 1304798, 'book_id': 'rom', 'chapter': '13', 'verse': '8', 'word_num': 6, 'word': 'love', 'occurrence': 1}]","to love",2,"ἀγαπᾶν = to love",0.010676156583629894,3,0,0
"525061","rom","13","8","8",",1508272,",",1304803,1304804,",0,"[{'id': 1508272, 'book_id': 'rom', 'chapter': '13', 'verse': '8', 'word_num': 10, 'word': 'ἀγαπῶν', 'occurrence': 1, 'strong': 'G00250', 'lemma': 'ἀγαπάω', 'morph': 'Gr,V,PPA,NMS,'}]","ἀγαπῶν",1,1,"[{'id': 1304803, 'book_id': 'rom', 'chapter': '13', 'verse': '8', 'word_num': 11, 'word': 'who', 'occurrence': 1}, {'id': 1304804, 'book_id': 'rom', 'chapter': '13', 'verse': '8', 'word_num': 12, 'word': 'loves', 'occurrence': 1}]","who loves",2,"ἀγαπῶν = who loves",0.0071174377224199285,2,0,0
"525085","rom","13","9","20",",1508297,",",1304841,",0,"[{'id': 1508297, 'book_id': 'rom', 'chapter': '13', 'verse': '9', 'word_num': 20, 'word': 'ἀγαπήσεις', 'occurrence': 1, 'strong': 'G00250', 'lemma': 'ἀγαπάω', 'morph': 'Gr,V,IFA2,,S,'}]","ἀγαπήσεις",1,0,"[{'id': 1304841, 'book_id': 'rom', 'chapter': '13', 'verse': '9', 'word_num': 30, 'word': 'Love', 'occurrence': 1}]","Love",1,"ἀγαπήσεις = Love",0.0035587188612099642,1,0,0
"525090","rom","13","10","0",",1508303,1508304,",",1304846,",1,"[{'id': 1508303, 'book_id': 'rom', 'chapter': '13', 'verse': '10', 'word_num': 0, 'word': 'ἡ', 'occurrence': 1, 'strong': 'G35880', 'lemma': 'ὁ', 'morph': 'Gr,EA,,,,NFS,'}, {'id': 1508304, 'book_id': 'rom', 'chapter': '13', 'verse': '10', 'word_num': 1, 'word': 'ἀγάπη', 'occurrence': 1, 'strong': 'G00260', 'lemma': 'ἀγάπη', 'morph': 'Gr,N,,,,,NFS,'}]","ἡ ἀγάπη",2,0,"[{'id': 1304846, 'book_id': 'rom', 'chapter': '13', 'verse': '10', 'word_num': 0, 'word': 'Love', 'occurrence': 1}]","Love",1,"ἡ ἀγάπη = Love",0.010676156583629894,3,0,0
"525096","rom","13","10","6",",1508313,1508314,",",1304856,1304857,",1,"[{'id': 1508313, 'book_id': 'rom', 'chapter': '13', 'verse': '10', 'word_num': 10, 'word': 'ἡ', 'occurrence': 2, 'strong': 'G35880', 'lemma': 'ὁ', 'morph': 'Gr,EA,,,,NFS,'}, {'id': 1508314, 'book_id': 'rom', 'chapter': '13', 'verse': '10', 'word_num': 11, 'word': 'ἀγάπη', 'occurrence': 2, 'strong': 'G00260', 'lemma': 'ἀγάπη', 'morph': 'Gr,N,,,,,NFS,'}]","ἡ ἀγάπη",2,1,"[{'id': 1304856, 'book_id': 'rom', 'chapter': '13', 'verse': '10', 'word_num': 10, 'word': 'love', 'occurrence': 1}, {'id': 1304857, 'book_id': 'rom', 'chapter': '13', 'verse': '10', 'word_num': 11, 'word': 'is', 'occurrence': 1}]","love is",2,"ἡ ἀγάπη = love is",0.0035587188612099642,1,0,0
"525392","rom","14","15","11",",1508630,",",1305334,",0,"[{'id': 1508630, 'book_id': 'rom', 'chapter': '14', 'verse': '15', 'word_num': 10, 'word': 'ἀγάπην', 'occurrence': 1, 'strong': 'G00260', 'lemma': 'ἀγάπη', 'morph': 'Gr,N,,,,,AFS,'}]","ἀγάπην",1,0,"[{'id': 1305334, 'book_id': 'rom', 'chapter': '14', 'verse': '15', 'word_num': 15, 'word': 'love', 'occurrence': 1}]","love",1,"ἀγάπην = love",0.08185053380782918,23,0,0
"525977","rom","15","30","12",",1509257,",",1306243,",0,"[{'id': 1509257, 'book_id': 'rom', 'chapter': '15', 'verse': '30', 'word_num': 13, 'word': 'ἀγάπης', 'occurrence': 1, 'strong': 'G00260', 'lemma': 'ἀγάπη', 'morph': 'Gr,N,,,,,GFS,'}]","ἀγάπης",1,0,"[{'id': 1306243, 'book_id': 'rom', 'chapter': '15', 'verse': '30', 'word_num': 13, 'word': 'love', 'occurrence': 1}]","love",1,"ἀγάπης = love",0.03914590747330961,11,0,0
"527032","1co","2","9","23",",1510396,1510397,",",1307691,1307692,1307693,1307694,",1,"[{'id': 1510396, 'book_id': '1co', 'chapter': '2', 'verse': '9', 'word_num': 21, 'word': 'τοῖς', 'occurrence': 1, 'strong': 'G35880', 'lemma': 'ὁ', 'morph': 'Gr,RD,,,,DMP,'}, {'id': 1510397, 'book_id': '1co', 'chapter': '2', 'verse': '9', 'word_num': 22, 'word': 'ἀγαπῶσιν', 'occurrence': 1, 'strong': 'G00250', 'lemma': 'ἀγαπάω', 'morph': 'Gr,V,PPA,DMP,'}]","τοῖς ἀγαπῶσιν",2,3,"[{'id': 1307691, 'book_id': '1co', 'chapter': '2', 'verse': '9', 'word_num': 28, 'word': 'for', 'occurrence': 1}, {'id': 1307692, 'book_id': '1co', 'chapter': '2', 'verse': '9', 'word_num': 29, 'word': 'those', 'occurrence': 1}, {'id': 1307693, 'book_id': '1co', 'chapter': '2', 'verse': '9', 'word_num': 30, 'word': 'who', 'occurrence': 1}, {'id': 1307694, 'book_id': '1co', 'chapter': '2', 'verse': '9', 'word_num': 31, 'word': 'love', 'occurrence': 1}]","for those who love",4,"τοῖς ἀγαπῶσιν = for those who love",0.0035587188612099642,1,0,0
"527821","1co","4","21","9",",1511210,",",1308854,",0,"[{'id': 1511210, 'book_id': '1co', 'chapter': '4', 'verse': '21', 'word_num': 9, 'word': 'ἀγάπῃ', 'occurrence': 1, 'strong': 'G00260', 'lemma': 'ἀγάπη', 'morph': 'Gr,N,,,,,DFS,'}]","ἀγάπῃ",1,0,"[{'id': 1308854, 'book_id': '1co', 'chapter': '4', 'verse': '21', 'word_num': 14, 'word': 'love', 'occurrence': 1}]","love",1,"ἀγάπῃ = love",0.0711743772241993,20,0,0
"529050","1co","8","1","11",",1512471,1512472,1512473,",",1310694,1310695,",2,"[{'id': 1512471, 'book_id': '1co', 'chapter': '8', 'verse': '1', 'word_num': 12, 'word': 'ἡ', 'occurrence': 2, 'strong': 'G35880', 'lemma': 'ὁ', 'morph': 'Gr,EA,,,,NFS,'}, {'id': 1512472, 'book_id': '1co', 'chapter': '8', 'verse': '1', 'word_num': 13, 'word': 'δὲ', 'occurrence': 2, 'strong': 'G11610', 'lemma': 'δέ', 'morph': 'Gr,CC,,,,,,,,'}, {'id': 1512473, 'book_id': '1co', 'chapter': '8', 'verse': '1', 'word_num': 14, 'word': 'ἀγάπη', 'occurrence': 1, 'strong': 'G00260', 'lemma': 'ἀγάπη', 'morph': 'Gr,N,,,,,NFS,'}]","ἡ δὲ ἀγάπη",3,1,"[{'id': 1310694, 'book_id': '1co', 'chapter': '8', 'verse': '1', 'word_num': 16, 'word': 'but', 'occurrence': 1}, {'id': 1310695, 'book_id': '1co', 'chapter': '8', 'verse': '1', 'word_num': 17, 'word': 'love', 'occurrence': 1}]","but love",2,"ἡ δὲ ἀγάπη = but love",0.0035587188612099642,1,0,0
"529066","1co","8","3","3",",1512488,",",1310717,",0,"[{'id': 1512488, 'book_id': '1co', 'chapter': '8', 'verse': '3', 'word_num': 3, 'word': 'ἀγαπᾷ', 'occurrence': 1, 'strong': 'G00250', 'lemma': 'ἀγαπάω', 'morph': 'Gr,V,IPA3,,S,'}]","ἀγαπᾷ",1,0,"[{'id': 1310717, 'book_id': '1co', 'chapter': '8', 'verse': '3', 'word_num': 3, 'word': 'loves', 'occurrence': 1}]","loves",1,"ἀγαπᾷ = loves",0.03202846975088968,9,0,0
"531141","1co","13","1","12",",1514606,",",1313800,",0,"[{'id': 1514606, 'book_id': '1co', 'chapter': '13', 'verse': '1', 'word_num': 9, 'word': 'ἀγάπην', 'occurrence': 1, 'strong': 'G00260', 'lemma': 'ἀγάπη', 'morph': 'Gr,N,,,,,AFS,'}]","ἀγάπην",1,0,"[{'id': 1313800, 'book_id': '1co', 'chapter': '13', 'verse': '1', 'word_num': 16, 'word': 'love', 'occurrence': 1}]","love",1,"ἀγάπην = love",0.08185053380782918,23,0,0
"531173","1co","13","2","23",",1514638,",",1313842,",0,"[{'id': 1514638, 'book_id': '1co', 'chapter': '13', 'verse': '2', 'word_num': 22, 'word': 'ἀγάπην', 'occurrence': 1, 'strong': 'G00260', 'lemma': 'ἀγάπη', 'morph': 'Gr,N,,,,,AFS,'}]","ἀγάπην",1,0,"[{'id': 1313842, 'book_id': '1co', 'chapter': '13', 'verse': '2', 'word_num': 31, 'word': 'love', 'occurrence': 1}]","love",1,"ἀγάπην = love",0.08185053380782918,23,0,0
"531192","1co","13","3","16",",1514658,",",1313870,",0,"[{'id': 1514658, 'book_id': '1co', 'chapter': '13', 'verse': '3', 'word_num': 14, 'word': 'ἀγάπην', 'occurrence': 1, 'strong': 'G00260', 'lemma': 'ἀγάπη', 'morph': 'Gr,N,,,,,AFS,'}]","ἀγάπην",1,0,"[{'id': 1313870, 'book_id': '1co', 'chapter': '13', 'verse': '3', 'word_num': 24, 'word': 'love', 'occurrence': 1}]","love",1,"ἀγάπην = love",0.08185053380782918,23,0,0
"531195","1co","13","4","0",",1514664,1514665,",",1313874,",1,"[{'id': 1514664, 'book_id': '1co', 'chapter': '13', 'verse': '4', 'word_num': 0, 'word': 'ἡ', 'occurrence': 1, 'strong': 'G35880', 'lemma': 'ὁ', 'morph': 'Gr,EA,,,,NFS,'}, {'id': 1514665, 'book_id': '1co', 'chapter': '13', 'verse': '4', 'word_num': 1, 'word': 'ἀγάπη', 'occurrence': 1, 'strong': 'G00260', 'lemma': 'ἀγάπη', 'morph': 'Gr,N,,,,,NFS,'}]","ἡ ἀγάπη",2,0,"[{'id': 1313874, 'book_id': '1co', 'chapter': '13', 'verse': '4', 'word_num': 0, 'word': 'Love', 'occurrence': 1}]","Love",1,"ἡ ἀγάπη = Love",0.010676156583629894,3,0,0
"531198","1co","13","4","3",",1514668,1514669,",",1313880,",1,"[{'id': 1514668, 'book_id': '1co', 'chapter': '13', 'verse': '4', 'word_num': 4, 'word': 'ἡ', 'occurrence': 2, 'strong': 'G35880', 'lemma': 'ὁ', 'morph': 'Gr,EA,,,,NFS,'}, {'id': 1514669, 'book_id': '1co', 'chapter': '13', 'verse': '4', 'word_num': 5, 'word': 'ἀγάπη', 'occurrence': 2, 'strong': 'G00260', 'lemma': 'ἀγάπη', 'morph': 'Gr,N,,,,,NFS,'}]","ἡ ἀγάπη",2,0,"[{'id': 1313880, 'book_id': '1co', 'chapter': '13', 'verse': '4', 'word_num': 6, 'word': 'love', 'occurrence': 1}]","love",1,"ἡ ἀγάπη = love",0.03558718861209965,10,0,0
"531201","1co","13","4","6",",1514672,1514673,",",1313884,",1,"[{'id': 1514672, 'book_id': '1co', 'chapter': '13', 'verse': '4', 'word_num': 8, 'word': 'ἡ', 'occurrence': 3, 'strong': 'G35880', 'lemma': 'ὁ', 'morph': 'Gr,EA,,,,NFS,'}, {'id': 1514673, 'book_id': '1co', 'chapter': '13', 'verse': '4', 'word_num': 9, 'word': 'ἀγάπη', 'occurrence': 3, 'strong': 'G00260', 'lemma': 'ἀγάπη', 'morph': 'Gr,N,,,,,NFS,'}]","ἡ ἀγάπη",2,0,"[{'id': 1313884, 'book_id': '1co', 'chapter': '13', 'verse': '4', 'word_num': 10, 'word': 'love', 'occurrence': 2}]","love",1,"ἡ ἀγάπη = love",0.03558718861209965,10,0,0
"531238","1co","13","8","0",",1514707,1514708,",",1313939,",1,"[{'id': 1514707, 'book_id': '1co', 'chapter': '13', 'verse': '8', 'word_num': 0, 'word': 'ἡ', 'occurrence': 1, 'strong': 'G35880', 'lemma': 'ὁ', 'morph': 'Gr,EA,,,,NFS,'}, {'id': 1514708, 'book_id': '1co', 'chapter': '13', 'verse': '8', 'word_num': 1, 'word': 'ἀγάπη', 'occurrence': 1, 'strong': 'G00260', 'lemma': 'ἀγάπη', 'morph': 'Gr,N,,,,,NFS,'}]","ἡ ἀγάπη",2,0,"[{'id': 1313939, 'book_id': '1co', 'chapter': '13', 'verse': '8', 'word_num': 0, 'word': 'Love', 'occurrence': 1}]","Love",1,"ἡ ἀγάπη = Love",0.010676156583629894,3,0,0
"531314","1co","13","13","7",",1514784,",",1314053,1314054,",0,"[{'id': 1514784, 'book_id': '1co', 'chapter': '13', 'verse': '13', 'word_num': 5, 'word': 'ἀγάπη', 'occurrence': 1, 'strong': 'G00260', 'lemma': 'ἀγάπη', 'morph': 'Gr,N,,,,,NFS,'}]","ἀγάπη",1,1,"[{'id': 1314053, 'book_id': '1co', 'chapter': '13', 'verse': '13', 'word_num': 7, 'word': 'and', 'occurrence': 1}, {'id': 1314054, 'book_id': '1co', 'chapter': '13', 'verse': '13', 'word_num': 8, 'word': 'love', 'occurrence': 1}]","and love",2,"ἀγάπη = and love",0.0035587188612099642,1,0,0
"531318","1co","13","13","11",",1514791,1514792,",",1314060,1314061,",1,"[{'id': 1514791, 'book_id': '1co', 'chapter': '13', 'verse': '13', 'word_num': 12, 'word': 'ἡ', 'occurrence': 1, 'strong': 'G35880', 'lemma': 'ὁ', 'morph': 'Gr,EA,,,,NFS,'}, {'id': 1514792, 'book_id': '1co', 'chapter': '13', 'verse': '13', 'word_num': 13, 'word': 'ἀγάπη', 'occurrence': 2, 'strong': 'G00260', 'lemma': 'ἀγάπη', 'morph': 'Gr,N,,,,,NFS,'}]","ἡ ἀγάπη",2,1,"[{'id': 1314060, 'book_id': '1co', 'chapter': '13', 'verse': '13', 'word_num': 14, 'word': 'is', 'occurrence': 1}, {'id': 1314061, 'book_id': '1co', 'chapter': '13', 'verse': '13', 'word_num': 15, 'word': 'love', 'occurrence': 2}]","is love",2,"ἡ ἀγάπη = is love",0.0035587188612099642,1,0,0
"531320","1co","14","1","1",",1514794,1514795,",",1314063,",1,"[{'id': 1514794, 'book_id': '1co', 'chapter': '14', 'verse': '1', 'word_num': 1, 'word': 'τὴν', 'occurrence': 1, 'strong': 'G35880', 'lemma': 'ὁ', 'morph': 'Gr,EA,,,,AFS,'}, {'id': 1514795, 'book_id': '1co', 'chapter': '14', 'verse': '1', 'word_num': 2, 'word': 'ἀγάπην', 'occurrence': 1, 'strong': 'G00260', 'lemma': 'ἀγάπη', 'morph': 'Gr,N,,,,,AFS,'}]","τὴν ἀγάπην",2,0,"[{'id': 1314063, 'book_id': '1co', 'chapter': '14', 'verse': '1', 'word_num': 1, 'word': 'love', 'occurrence': 1}]","love",1,"τὴν ἀγάπην = love",0.017793594306049824,5,0,0
"532919","1co","16","14","5",",1516440,",",1316441,",0,"[{'id': 1516440, 'book_id': '1co', 'chapter': '16', 'verse': '14', 'word_num': 3, 'word': 'ἀγάπῃ', 'occurrence': 1, 'strong': 'G00260', 'lemma': 'ἀγάπη', 'morph': 'Gr,N,,,,,DFS,'}]","ἀγάπῃ",1,0,"[{'id': 1316441, 'book_id': '1co', 'chapter': '16', 'verse': '14', 'word_num': 7, 'word': 'love', 'occurrence': 1}]","love",1,"ἀγάπῃ = love",0.0711743772241993,20,0,0
"533013","1co","16","22","3",",1516541,",",1316578,",0,"[{'id': 1516541, 'book_id': '1co', 'chapter': '16', 'verse': '22', 'word_num': 3, 'word': 'φιλεῖ', 'occurrence': 1, 'strong': 'G53680', 'lemma': 'φιλέω', 'morph': 'Gr,V,IPA3,,S,'}]","φιλεῖ",1,0,"[{'id': 1316578, 'book_id': '1co', 'chapter': '16', 'verse': '22', 'word_num': 4, 'word': 'love', 'occurrence': 1}]","love",1,"φιλεῖ = love",0.0035587188612099642,1,0,0
"533027","1co","16","24","1",",1516555,1516556,",",1316598,",1,"[{'id': 1516555, 'book_id': '1co', 'chapter': '16', 'verse': '24', 'word_num': 0, 'word': 'ἡ', 'occurrence': 1, 'strong': 'G35880', 'lemma': 'ὁ', 'morph': 'Gr,EA,,,,NFS,'}, {'id': 1516556, 'book_id': '1co', 'chapter': '16', 'verse': '24', 'word_num': 1, 'word': 'ἀγάπη', 'occurrence': 1, 'strong': 'G00260', 'lemma': 'ἀγάπη', 'morph': 'Gr,N,,,,,NFS,'}]","ἡ ἀγάπη",2,0,"[{'id': 1316598, 'book_id': '1co', 'chapter': '16', 'verse': '24', 'word_num': 1, 'word': 'love', 'occurrence': 1}]","love",1,"ἡ ἀγάπη = love",0.03558718861209965,10,0,0
"533578","2co","2","4","19",",1517123,",",1317349,",0,"[{'id': 1517123, 'book_id': '2co', 'chapter': '2', 'verse': '4', 'word_num': 17, 'word': 'ἀγάπην', 'occurrence': 1, 'strong': 'G00260', 'lemma': 'ἀγάπη', 'morph': 'Gr,N,,,,,AFS,'}]","ἀγάπην",1,0,"[{'id': 1317349, 'book_id': '2co', 'chapter': '2', 'verse': '4', 'word_num': 29, 'word': 'love', 'occurrence': 1}]","love",1,"ἀγάπην = love",0.08185053380782918,23,0,0
"533625","2co","2","8","4",",1517177,",",1317426,1317427,",0,"[{'id': 1517177, 'book_id': '2co', 'chapter': '2', 'verse': '8', 'word_num': 6, 'word': 'ἀγάπην', 'occurrence': 1, 'strong': 'G00260', 'lemma': 'ἀγάπη', 'morph': 'Gr,N,,,,,AFS,'}]","ἀγάπην",1,1,"[{'id': 1317426, 'book_id': '2co', 'chapter': '2', 'verse': '8', 'word_num': 7, 'word': 'your', 'occurrence': 1}, {'id': 1317427, 'book_id': '2co', 'chapter': '2', 'verse': '8', 'word_num': 8, 'word': 'love', 'occurrence': 1}]","your love",2,"ἀγάπην = your love",0.0035587188612099642,1,0,0
"534568","2co","5","14","2",",1518155,",",1318777,",0,"[{'id': 1518155, 'book_id': '2co', 'chapter': '5', 'verse': '14', 'word_num': 2, 'word': 'ἀγάπη', 'occurrence': 1, 'strong': 'G00260', 'lemma': 'ἀγάπη', 'morph': 'Gr,N,,,,,NFS,'}]","ἀγάπη",1,0,"[{'id': 1318777, 'book_id': '2co', 'chapter': '5', 'verse': '14', 'word_num': 2, 'word': 'love', 'occurrence': 1}]","love",1,"ἀγάπη = love",0.06405693950177936,18,0,0
"534787","2co","6","6","14",",1518377,",",1319089,",0,"[{'id': 1518377, 'book_id': '2co', 'chapter': '6', 'verse': '6', 'word_num': 12, 'word': 'ἀγάπῃ', 'occurrence': 1, 'strong': 'G00260', 'lemma': 'ἀγάπη', 'morph': 'Gr,N,,,,,DFS,'}]","ἀγάπῃ",1,0,"[{'id': 1319089, 'book_id': '2co', 'chapter': '6', 'verse': '6', 'word_num': 14, 'word': 'love', 'occurrence': 1}]","love",1,"ἀγάπῃ = love",0.0711743772241993,20,0,0
"535391","2co","8","7","16",",1519000,",",1319959,",0,"[{'id': 1519000, 'book_id': '2co', 'chapter': '8', 'verse': '7', 'word_num': 19, 'word': 'ἀγάπῃ', 'occurrence': 1, 'strong': 'G00260', 'lemma': 'ἀγάπη', 'morph': 'Gr,N,,,,,DFS,'}]","ἀγάπῃ",1,0,"[{'id': 1319959, 'book_id': '2co', 'chapter': '8', 'verse': '7', 'word_num': 22, 'word': 'love', 'occurrence': 1}]","love",1,"ἀγάπῃ = love",0.0711743772241993,20,0,0
"535410","2co","8","8","10",",1519021,",",1319987,",0,"[{'id': 1519021, 'book_id': '2co', 'chapter': '8', 'verse': '8', 'word_num': 13, 'word': 'ἀγάπης', 'occurrence': 1, 'strong': 'G00260', 'lemma': 'ἀγάπη', 'morph': 'Gr,N,,,,,GFS,'}]","ἀγάπης",1,0,"[{'id': 1319987, 'book_id': '2co', 'chapter': '8', 'verse': '8', 'word_num': 15, 'word': 'love', 'occurrence': 1}]","love",1,"ἀγάπης = love",0.03914590747330961,11,0,0
"535668","2co","8","24","8",",1519281,1519282,",",1320377,",1,"[{'id': 1519281, 'book_id': '2co', 'chapter': '8', 'verse': '24', 'word_num': 3, 'word': 'τῆς', 'occurrence': 1, 'strong': 'G35880', 'lemma': 'ὁ', 'morph': 'Gr,EA,,,,GFS,'}, {'id': 1519282, 'book_id': '2co', 'chapter': '8', 'verse': '24', 'word_num': 4, 'word': 'ἀγάπης', 'occurrence': 1, 'strong': 'G00260', 'lemma': 'ἀγάπη', 'morph': 'Gr,N,,,,,GFS,'}]","τῆς ἀγάπης",2,0,"[{'id': 1320377, 'book_id': '2co', 'chapter': '8', 'verse': '24', 'word_num': 8, 'word': 'of', 'occurrence': 1}]","of",1,"τῆς ἀγάπης = of",0.0035587188612099642,1,0,0
"535803","2co","9","7","12",",1519433,",",1320576,",0,"[{'id': 1519433, 'book_id': '2co', 'chapter': '9', 'verse': '7', 'word_num': 14, 'word': 'ἀγαπᾷ', 'occurrence': 1, 'strong': 'G00250', 'lemma': 'ἀγαπάω', 'morph': 'Gr,V,IPA3,,S,'}]","ἀγαπᾷ",1,0,"[{'id': 1320576, 'book_id': '2co', 'chapter': '9', 'verse': '7', 'word_num': 19, 'word': 'loves', 'occurrence': 1}]","loves",1,"ἀγαπᾷ = loves",0.03202846975088968,9,0,0
"536424","2co","11","11","2",",1520070,",",1321470,",0,"[{'id': 1520070, 'book_id': '2co', 'chapter': '11', 'verse': '11', 'word_num': 4, 'word': 'ἀγαπῶ', 'occurrence': 1, 'strong': 'G00250', 'lemma': 'ἀγαπάω', 'morph': 'Gr,V,IPA1,,S,'}]","ἀγαπῶ",1,0,"[{'id': 1321470, 'book_id': '2co', 'chapter': '11', 'verse': '11', 'word_num': 2, 'word': 'I', 'occurrence': 1}]","I",1,"ἀγαπῶ = I",0.0035587188612099642,1,0,0
"537035","2co","12","15","11",",1520687,",",1322395,1322396,",0,"[{'id': 1520687, 'book_id': '2co', 'chapter': '12', 'verse': '15', 'word_num': 13, 'word': 'ἀγαπῶν', 'occurrence': 1, 'strong': 'G00250', 'lemma': 'ἀγαπάω', 'morph': 'Gr,V,PPA,NMS,'}]","ἀγαπῶν",1,1,"[{'id': 1322395, 'book_id': '2co', 'chapter': '12', 'verse': '15', 'word_num': 14, 'word': 'I', 'occurrence': 2}, {'id': 1322396, 'book_id': '2co', 'chapter': '12', 'verse': '15', 'word_num': 15, 'word': 'love', 'occurrence': 1}]","I love",2,"ἀγαπῶν = I love",0.0035587188612099642,1,0,0
"537038","2co","12","15","14",",1520689,",",1322399,1322400,1322401,1322402,1322403,",0,"[{'id': 1520689, 'book_id': '2co', 'chapter': '12', 'verse': '15', 'word_num': 15, 'word': 'ἀγαπῶμαι', 'occurrence': 1, 'strong': 'G00250', 'lemma': 'ἀγαπάω', 'morph': 'Gr,V,IPP1,,S,'}]","ἀγαπῶμαι",1,4,"[{'id': 1322399, 'book_id': '2co', 'chapter': '12', 'verse': '15', 'word_num': 18, 'word': 'am', 'occurrence': 1}, {'id': 1322400, 'book_id': '2co', 'chapter': '12', 'verse': '15', 'word_num': 19, 'word': 'I', 'occurrence': 3}, {'id': 1322401, 'book_id': '2co', 'chapter': '12', 'verse': '15', 'word_num': 20, 'word': 'to', 'occurrence': 1}, {'id': 1322402, 'book_id': '2co', 'chapter': '12', 'verse': '15', 'word_num': 21, 'word': 'be', 'occurrence': 2}, {'id': 1322403, 'book_id': '2co', 'chapter': '12', 'verse': '15', 'word_num': 22, 'word': 'loved', 'occurrence': 1}]","am I to be loved",5,"ἀγαπῶμαι = am I to be loved",0.0035587188612099642,1,0,0
"537363","2co","13","11","14",",1521003,",",1322894,",0,"[{'id': 1521003, 'book_id': '2co', 'chapter': '13', 'verse': '11', 'word_num': 13, 'word': 'ἀγάπης', 'occurrence': 1, 'strong': 'G00260', 'lemma': 'ἀγάπη', 'morph': 'Gr,N,,,,,GFS,'}]","ἀγάπης",1,0,"[{'id': 1322894, 'book_id': '2co', 'chapter': '13', 'verse': '11', 'word_num': 19, 'word': 'love', 'occurrence': 1}]","love",1,"ἀγάπης = love",0.03914590747330961,11,0,0
"537387","2co","13","13","8",",1521027,",",1322923,",0,"[{'id': 1521027, 'book_id': '2co', 'chapter': '13', 'verse': '13', 'word_num': 8, 'word': 'ἀγάπη', 'occurrence': 1, 'strong': 'G00260', 'lemma': 'ἀγάπη', 'morph': 'Gr,N,,,,,NFS,'}]","ἀγάπη",1,0,"[{'id': 1322923, 'book_id': '2co', 'chapter': '13', 'verse': '13', 'word_num': 9, 'word': 'love', 'occurrence': 1}]","love",1,"ἀγάπη = love",0.06405693950177936,18,0,0
"538087","gal","2","20","23",",1521764,1521765,",",1324027,1324028,",1,"[{'id': 1521764, 'book_id': 'gal', 'chapter': '2', 'verse': '20', 'word_num': 23, 'word': 'τοῦ', 'occurrence': 3, 'strong': 'G35880', 'lemma': 'ὁ', 'morph': 'Gr,RD,,,,GMS,'}, {'id': 1521765, 'book_id': 'gal', 'chapter': '2', 'verse': '20', 'word_num': 24, 'word': 'ἀγαπήσαντός', 'occurrence': 1, 'strong': 'G00250', 'lemma': 'ἀγαπάω', 'morph': 'Gr,V,PAA,GMS,'}]","τοῦ ἀγαπήσαντός",2,1,"[{'id': 1324027, 'book_id': 'gal', 'chapter': '2', 'verse': '20', 'word_num': 32, 'word': 'who', 'occurrence': 2}, {'id': 1324028, 'book_id': 'gal', 'chapter': '2', 'verse': '20', 'word_num': 33, 'word': 'loved', 'occurrence': 1}]","who loved",2,"τοῦ ἀγαπήσαντός = who loved",0.0035587188612099642,1,0,0
"539030","gal","5","6","14",",1522753,",",1325518,",0,"[{'id': 1522753, 'book_id': 'gal', 'chapter': '5', 'verse': '6', 'word_num': 13, 'word': 'ἀγάπης', 'occurrence': 1, 'strong': 'G00260', 'lemma': 'ἀγάπη', 'morph': 'Gr,N,,,,,GFS,'}]","ἀγάπης",1,0,"[{'id': 1325518, 'book_id': 'gal', 'chapter': '5', 'verse': '6', 'word_num': 15, 'word': 'love', 'occurrence': 1}]","love",1,"ἀγάπης = love",0.03914590747330961,11,0,0
"539110","gal","5","13","16",",1522834,1522835,",",1325640,",1,"[{'id': 1522834, 'book_id': 'gal', 'chapter': '5', 'verse': '13', 'word_num': 16, 'word': 'τῆς', 'occurrence': 1, 'strong': 'G35880', 'lemma': 'ὁ', 'morph': 'Gr,EA,,,,GFS,'}, {'id': 1522835, 'book_id': 'gal', 'chapter': '5', 'verse': '13', 'word_num': 17, 'word': 'ἀγάπης', 'occurrence': 1, 'strong': 'G00260', 'lemma': 'ἀγάπη', 'morph': 'Gr,N,,,,,GFS,'}]","τῆς ἀγάπης",2,0,"[{'id': 1325640, 'book_id': 'gal', 'chapter': '5', 'verse': '13', 'word_num': 22, 'word': 'love', 'occurrence': 1}]","love",1,"τῆς ἀγάπης = love",0.0035587188612099642,1,0,0
"539122","gal","5","14","9",",1522847,1522848,",",1325654,1325655,1325656,",1,"[{'id': 1522847, 'book_id': 'gal', 'chapter': '5', 'verse': '14', 'word_num': 9, 'word': 'τῷ', 'occurrence': 1, 'strong': 'G35880', 'lemma': 'ὁ', 'morph': 'Gr,RD,,,,DMS,'}, {'id': 1522848, 'book_id': 'gal', 'chapter': '5', 'verse': '14', 'word_num': 10, 'word': 'ἀγαπήσεις', 'occurrence': 1, 'strong': 'G00250', 'lemma': 'ἀγαπάω', 'morph': 'Gr,V,IFA2,,S,'}]","τῷ ἀγαπήσεις",2,2,"[{'id': 1325654, 'book_id': 'gal', 'chapter': '5', 'verse': '14', 'word_num': 10, 'word': 'You', 'occurrence': 1}, {'id': 1325655, 'book_id': 'gal', 'chapter': '5', 'verse': '14', 'word_num': 11, 'word': 'must', 'occurrence': 1}, {'id': 1325656, 'book_id': 'gal', 'chapter': '5', 'verse': '14', 'word_num': 12, 'word': 'love', 'occurrence': 1}]","You must love",3,"τῷ ἀγαπήσεις = You must love",0.0035587188612099642,1,0,0
"539230","gal","5","22","6",",1522955,",",1325816,",0,"[{'id': 1522955, 'book_id': 'gal', 'chapter': '5', 'verse': '22', 'word_num': 6, 'word': 'ἀγάπη', 'occurrence': 1, 'strong': 'G00260', 'lemma': 'ἀγάπη', 'morph': 'Gr,N,,,,,NFS,'}]","ἀγάπη",1,0,"[{'id': 1325816, 'book_id': 'gal', 'chapter': '5', 'verse': '22', 'word_num': 7, 'word': 'love', 'occurrence': 1}]","love",1,"ἀγάπη = love",0.06405693950177936,18,0,0
"539590","eph","1","4","17",",1523333,",",1326339,",0,"[{'id': 1523333, 'book_id': 'eph', 'chapter': '1', 'verse': '4', 'word_num': 16, 'word': 'ἀγάπῃ', 'occurrence': 1, 'strong': 'G00260', 'lemma': 'ἀγάπη', 'morph': 'Gr,N,,,,,DFS,'}]","ἀγάπῃ",1,0,"[{'id': 1326339, 'book_id': 'eph', 'chapter': '1', 'verse': '4', 'word_num': 23, 'word': 'love', 'occurrence': 1}]","love",1,"ἀγάπῃ = love",0.0711743772241993,20,0,0
"539617","eph","1","6","11",",1523360,",",1326375,1326376,",0,"[{'id': 1523360, 'book_id': 'eph', 'chapter': '1', 'verse': '6', 'word_num': 11, 'word': 'ἠγαπημένῳ', 'occurrence': 1, 'strong': 'G00250', 'lemma': 'ἀγαπάω', 'morph': 'Gr,V,PEP,DMS,'}]","ἠγαπημένῳ",1,1,"[{'id': 1326375, 'book_id': 'eph', 'chapter': '1', 'verse': '6', 'word_num': 17, 'word': 'Beloved', 'occurrence': 1}, {'id': 1326376, 'book_id': 'eph', 'chapter': '1', 'verse': '6', 'word_num': 18, 'word': 'One', 'occurrence': 1}]","Beloved One",2,"ἠγαπημένῳ = Beloved One",0.0035587188612099642,1,0,0
"539759","eph","1","15","11",",1523511,",",1326575,",0,"[{'id': 1523511, 'book_id': 'eph', 'chapter': '1', 'verse': '15', 'word_num': 14, 'word': 'ἀγάπην', 'occurrence': 1, 'strong': 'G00260', 'lemma': 'ἀγάπη', 'morph': 'Gr,N,,,,,AFS,'}]","ἀγάπην",1,0,"[{'id': 1326575, 'book_id': 'eph', 'chapter': '1', 'verse': '15', 'word_num': 16, 'word': 'love', 'occurrence': 1}]","love",1,"ἀγάπην = love",0.08185053380782918,23,0,0
"539994","eph","2","4","9",",1523742,",",1326853,",0,"[{'id': 1523742, 'book_id': 'eph', 'chapter': '2', 'verse': '4', 'word_num': 10, 'word': 'ἀγάπην', 'occurrence': 1, 'strong': 'G00260', 'lemma': 'ἀγάπη', 'morph': 'Gr,N,,,,,AFS,'}]","ἀγάπην",1,0,"[{'id': 1326853, 'book_id': 'eph', 'chapter': '2', 'verse': '4', 'word_num': 10, 'word': 'love', 'occurrence': 1}]","love",1,"ἀγάπην = love",0.08185053380782918,23,0,0
"539996","eph","2","4","11",",1523745,",",1326856,1326857,",0,"[{'id': 1523745, 'book_id': 'eph', 'chapter': '2', 'verse': '4', 'word_num': 13, 'word': 'ἠγάπησεν', 'occurrence': 1, 'strong': 'G00250', 'lemma': 'ἀγαπάω', 'morph': 'Gr,V,IAA3,,S,'}]","ἠγάπησεν",1,1,"[{'id': 1326856, 'book_id': 'eph', 'chapter': '2', 'verse': '4', 'word_num': 13, 'word': 'he', 'occurrence': 1}, {'id': 1326857, 'book_id': 'eph', 'chapter': '2', 'verse': '4', 'word_num': 14, 'word': 'loved', 'occurrence': 1}]","he loved",2,"ἠγάπησεν = he loved",0.0071174377224199285,2,0,0
"540529","eph","3","17","12",",1524277,",",1327554,",0,"[{'id': 1524277, 'book_id': 'eph', 'chapter': '3', 'verse': '17', 'word_num': 11, 'word': 'ἀγάπῃ', 'occurrence': 1, 'strong': 'G00260', 'lemma': 'ἀγάπη', 'morph': 'Gr,N,,,,,DFS,'}]","ἀγάπῃ",1,0,"[{'id': 1327554, 'book_id': 'eph', 'chapter': '3', 'verse': '17', 'word_num': 14, 'word': 'love', 'occurrence': 1}]","love",1,"ἀγάπῃ = love",0.0711743772241993,20,0,0
"540549","eph","3","19","3",",1524303,",",1327583,",0,"[{'id': 1524303, 'book_id': 'eph', 'chapter': '3', 'verse': '19', 'word_num': 6, 'word': 'ἀγάπην', 'occurrence': 1, 'strong': 'G00260', 'lemma': 'ἀγάπη', 'morph': 'Gr,N,,,,,AFS,'}]","ἀγάπην",1,0,"[{'id': 1327583, 'book_id': 'eph', 'chapter': '3', 'verse': '19', 'word_num': 4, 'word': 'love', 'occurrence': 1}]","love",1,"ἀγάπην = love",0.08185053380782918,23,0,0
"540621","eph","4","2","10",",1524377,",",1327680,",0,"[{'id': 1524377, 'book_id': 'eph', 'chapter': '4', 'verse': '2', 'word_num': 10, 'word': 'ἀγάπῃ', 'occurrence': 1, 'strong': 'G00260', 'lemma': 'ἀγάπη', 'morph': 'Gr,N,,,,,DFS,'}]","ἀγάπῃ",1,0,"[{'id': 1327680, 'book_id': 'eph', 'chapter': '4', 'verse': '2', 'word_num': 13, 'word': 'love', 'occurrence': 1}]","love",1,"ἀγάπῃ = love",0.0711743772241993,20,0,0
"540815","eph","4","15","3",",1524562,",",1327925,",0,"[{'id': 1524562, 'book_id': 'eph', 'chapter': '4', 'verse': '15', 'word_num': 3, 'word': 'ἀγάπῃ', 'occurrence': 1, 'strong': 'G00260', 'lemma': 'ἀγάπη', 'morph': 'Gr,N,,,,,DFS,'}]","ἀγάπῃ",1,0,"[{'id': 1327925, 'book_id': 'eph', 'chapter': '4', 'verse': '15', 'word_num': 5, 'word': 'love', 'occurrence': 1}]","love",1,"ἀγάπῃ = love",0.0711743772241993,20,0,0
"540856","eph","4","16","30",",1524602,",",1327976,",0,"[{'id': 1524602, 'book_id': 'eph', 'chapter': '4', 'verse': '16', 'word_num': 29, 'word': 'ἀγάπῃ', 'occurrence': 1, 'strong': 'G00260', 'lemma': 'ἀγάπη', 'morph': 'Gr,N,,,,,DFS,'}]","ἀγάπῃ",1,0,"[{'id': 1327976, 'book_id': 'eph', 'chapter': '4', 'verse': '16', 'word_num': 35, 'word': 'love', 'occurrence': 1}]","love",1,"ἀγάπῃ = love",0.0711743772241993,20,0,0
"541101","eph","5","2","3",",1524845,",",1328305,",0,"[{'id': 1524845, 'book_id': 'eph', 'chapter': '5', 'verse': '2', 'word_num': 3, 'word': 'ἀγάπῃ', 'occurrence': 1, 'strong': 'G00260', 'lemma': 'ἀγάπη', 'morph': 'Gr,N,,,,,DFS,'}]","ἀγάπῃ",1,0,"[{'id': 1328305, 'book_id': 'eph', 'chapter': '5', 'verse': '2', 'word_num': 3, 'word': 'love', 'occurrence': 1}]","love",1,"ἀγάπῃ = love",0.0711743772241993,20,0,0
"541105","eph","5","2","7",",1524850,",",1328309,",0,"[{'id': 1524850, 'book_id': 'eph', 'chapter': '5', 'verse': '2', 'word_num': 8, 'word': 'ἠγάπησεν', 'occurrence': 1, 'strong': 'G00250', 'lemma': 'ἀγαπάω', 'morph': 'Gr,V,IAA3,,S,'}]","ἠγάπησεν",1,0,"[{'id': 1328309, 'book_id': 'eph', 'chapter': '5', 'verse': '2', 'word_num': 7, 'word': 'loved', 'occurrence': 1}]","loved",1,"ἠγάπησεν = loved",0.02491103202846975,7,0,0
"541409","eph","5","25","1",",1525143,",",1328676,",0,"[{'id': 1525143, 'book_id': 'eph', 'chapter': '5', 'verse': '25', 'word_num': 2, 'word': 'ἀγαπᾶτε', 'occurrence': 1, 'strong': 'G00250', 'lemma': 'ἀγαπάω', 'morph': 'Gr,V,MPA2,,P,'}]","ἀγαπᾶτε",1,0,"[{'id': 1328676, 'book_id': 'eph', 'chapter': '5', 'verse': '25', 'word_num': 1, 'word': 'love', 'occurrence': 1}]","love",1,"ἀγαπᾶτε = love",0.017793594306049824,5,0,0
"541415","eph","5","25","7",",1525150,",",1328683,",0,"[{'id': 1525150, 'book_id': 'eph', 'chapter': '5', 'verse': '25', 'word_num': 9, 'word': 'ἠγάπησεν', 'occurrence': 1, 'strong': 'G00250', 'lemma': 'ἀγαπάω', 'morph': 'Gr,V,IAA3,,S,'}]","ἠγάπησεν",1,0,"[{'id': 1328683, 'book_id': 'eph', 'chapter': '5', 'verse': '25', 'word_num': 8, 'word': 'loved', 'occurrence': 1}]","loved",1,"ἠγάπησεν = loved",0.02491103202846975,7,0,0
"541462","eph","5","28","4",",1525195,",",1328746,1328747,",0,"[{'id': 1525195, 'book_id': 'eph', 'chapter': '5', 'verse': '28', 'word_num': 5, 'word': 'ἀγαπᾶν', 'occurrence': 1, 'strong': 'G00250', 'lemma': 'ἀγαπάω', 'morph': 'Gr,V,NPA,,,,,'}]","ἀγαπᾶν",1,1,"[{'id': 1328746, 'book_id': 'eph', 'chapter': '5', 'verse': '28', 'word_num': 7, 'word': 'to', 'occurrence': 1}, {'id': 1328747, 'book_id': 'eph', 'chapter': '5', 'verse': '28', 'word_num': 8, 'word': 'love', 'occurrence': 1}]","to love",2,"ἀγαπᾶν = to love",0.010676156583629894,3,0,0
"541471","eph","5","28","13",",1525204,",",1328757,",0,"[{'id': 1525204, 'book_id': 'eph', 'chapter': '5', 'verse': '28', 'word_num': 14, 'word': 'ἀγαπῶν', 'occurrence': 1, 'strong': 'G00250', 'lemma': 'ἀγαπάω', 'morph': 'Gr,V,PPA,NMS,'}]","ἀγαπῶν",1,0,"[{'id': 1328757, 'book_id': 'eph', 'chapter': '5', 'verse': '28', 'word_num': 18, 'word': 'loves', 'occurrence': 1}]","loves",1,"ἀγαπῶν = loves",0.0035587188612099642,1,0,0
"541475","eph","5","28","17",",1525209,",",1328761,",0,"[{'id': 1525209, 'book_id': 'eph', 'chapter': '5', 'verse': '28', 'word_num': 19, 'word': 'ἀγαπᾷ', 'occurrence': 1, 'strong': 'G00250', 'lemma': 'ἀγαπάω', 'morph': 'Gr,V,IPA3,,S,'}]","ἀγαπᾷ",1,0,"[{'id': 1328761, 'book_id': 'eph', 'chapter': '5', 'verse': '28', 'word_num': 22, 'word': 'loves', 'occurrence': 2}]","loves",1,"ἀγαπᾷ = loves",0.03202846975088968,9,0,0
"541540","eph","5","33","4",",1525280,",",1328840,1328841,",0,"[{'id': 1525280, 'book_id': 'eph', 'chapter': '5', 'verse': '33', 'word_num': 11, 'word': 'ἀγαπάτω', 'occurrence': 1, 'strong': 'G00250', 'lemma': 'ἀγαπάω', 'morph': 'Gr,V,MPA3,,S,'}]","ἀγαπάτω",1,1,"[{'id': 1328840, 'book_id': 'eph', 'chapter': '5', 'verse': '33', 'word_num': 7, 'word': 'must', 'occurrence': 1}, {'id': 1328841, 'book_id': 'eph', 'chapter': '5', 'verse': '33', 'word_num': 8, 'word': 'love', 'occurrence': 1}]","must love",2,"ἀγαπάτω = must love",0.0035587188612099642,1,0,0
"541914","eph","6","23","5",",1525660,",",1329325,",0,"[{'id': 1525660, 'book_id': 'eph', 'chapter': '6', 'verse': '23', 'word_num': 4, 'word': 'ἀγάπη', 'occurrence': 1, 'strong': 'G00260', 'lemma': 'ἀγάπη', 'morph': 'Gr,N,,,,,NFS,'}]","ἀγάπη",1,0,"[{'id': 1329325, 'book_id': 'eph', 'chapter': '6', 'verse': '23', 'word_num': 5, 'word': 'love', 'occurrence': 1}]","love",1,"ἀγάπη = love",0.06405693950177936,18,0,0
"541928","eph","6","24","4",",1525675,",",1329343,",0,"[{'id': 1525675, 'book_id': 'eph', 'chapter': '6', 'verse': '24', 'word_num': 5, 'word': 'ἀγαπώντων', 'occurrence': 1, 'strong': 'G00250', 'lemma': 'ἀγαπάω', 'morph': 'Gr,V,PPA,GMP,'}]","ἀγαπώντων",1,0,"[{'id': 1329343, 'book_id': 'eph', 'chapter': '6', 'verse': '24', 'word_num': 6, 'word': 'love', 'occurrence': 1}]","love",1,"ἀγαπώντων = love",0.0035587188612099642,1,0,0
"542065","php","1","9","5",",1525820,1525821,",",1329522,",1,"[{'id': 1525820, 'book_id': 'php', 'chapter': '1', 'verse': '9', 'word_num': 4, 'word': 'ἡ', 'occurrence': 1, 'strong': 'G35880', 'lemma': 'ὁ', 'morph': 'Gr,EA,,,,NFS,'}, {'id': 1525821, 'book_id': 'php', 'chapter': '1', 'verse': '9', 'word_num': 5, 'word': 'ἀγάπη', 'occurrence': 1, 'strong': 'G00260', 'lemma': 'ἀγάπη', 'morph': 'Gr,N,,,,,NFS,'}]","ἡ ἀγάπη",2,0,"[{'id': 1329522, 'book_id': 'php', 'chapter': '1', 'verse': '9', 'word_num': 7, 'word': 'love', 'occurrence': 1}]","love",1,"ἡ ἀγάπη = love",0.03558718861209965,10,0,0
"542164","php","1","16","2",",1525925,",",1329659,",0,"[{'id': 1525925, 'book_id': 'php', 'chapter': '1', 'verse': '16', 'word_num': 3, 'word': 'ἀγάπης', 'occurrence': 1, 'strong': 'G00260', 'lemma': 'ἀγάπη', 'morph': 'Gr,N,,,,,GFS,'}]","ἀγάπης",1,0,"[{'id': 1329659, 'book_id': 'php', 'chapter': '1', 'verse': '16', 'word_num': 6, 'word': 'love', 'occurrence': 1}]","love",1,"ἀγάπης = love",0.03914590747330961,11,0,0
"542413","php","2","1","9",",1526193,",",1330032,1330033,",0,"[{'id': 1526193, 'book_id': 'php', 'chapter': '2', 'verse': '1', 'word_num': 9, 'word': 'ἀγάπης', 'occurrence': 1, 'strong': 'G00260', 'lemma': 'ἀγάπη', 'morph': 'Gr,N,,,,,GFS,'}]","ἀγάπης",1,1,"[{'id': 1330032, 'book_id': 'php', 'chapter': '2', 'verse': '1', 'word_num': 14, 'word': 'by', 'occurrence': 1}, {'id': 1330033, 'book_id': 'php', 'chapter': '2', 'verse': '1', 'word_num': 15, 'word': 'love', 'occurrence': 1}]","by love",2,"ἀγάπης = by love",0.0035587188612099642,1,0,0
"542434","php","2","2","11",",1526213,",",1330063,",0,"[{'id': 1526213, 'book_id': 'php', 'chapter': '2', 'verse': '2', 'word_num': 10, 'word': 'ἀγάπην', 'occurrence': 1, 'strong': 'G00260', 'lemma': 'ἀγάπη', 'morph': 'Gr,N,,,,,AFS,'}]","ἀγάπην",1,0,"[{'id': 1330063, 'book_id': 'php', 'chapter': '2', 'verse': '2', 'word_num': 14, 'word': 'love', 'occurrence': 1}]","love",1,"ἀγάπην = love",0.08185053380782918,23,0,0
"543553","col","1","4","9",",1527364,",",1331757,",0,"[{'id': 1527364, 'book_id': 'col', 'chapter': '1', 'verse': '4', 'word_num': 9, 'word': 'ἀγάπην', 'occurrence': 1, 'strong': 'G00260', 'lemma': 'ἀγάπη', 'morph': 'Gr,N,,,,,AFS,'}]","ἀγάπην",1,0,"[{'id': 1331757, 'book_id': 'col', 'chapter': '1', 'verse': '4', 'word_num': 12, 'word': 'love', 'occurrence': 1}]","love",1,"ἀγάπην = love",0.08185053380782918,23,0,0
"543626","col","1","8","4",",1527441,",",1331871,",0,"[{'id': 1527441, 'book_id': 'col', 'chapter': '1', 'verse': '8', 'word_num': 6, 'word': 'ἀγάπην', 'occurrence': 1, 'strong': 'G00260', 'lemma': 'ἀγάπη', 'morph': 'Gr,N,,,,,AFS,'}]","ἀγάπην",1,0,"[{'id': 1331871, 'book_id': 'col', 'chapter': '1', 'verse': '8', 'word_num': 7, 'word': 'love', 'occurrence': 1}]","love",1,"ἀγάπην = love",0.08185053380782918,23,0,0
"543719","col","1","13","15",",1527538,1527539,",",1332019,",1,"[{'id': 1527538, 'book_id': 'col', 'chapter': '1', 'verse': '13', 'word_num': 15, 'word': 'τῆς', 'occurrence': 2, 'strong': 'G35880', 'lemma': 'ὁ', 'morph': 'Gr,EA,,,,GFS,'}, {'id': 1527539, 'book_id': 'col', 'chapter': '1', 'verse': '13', 'word_num': 16, 'word': 'ἀγάπης', 'occurrence': 1, 'strong': 'G00260', 'lemma': 'ἀγάπη', 'morph': 'Gr,N,,,,,GFS,'}]","τῆς ἀγάπης",2,0,"[{'id': 1332019, 'book_id': 'col', 'chapter': '1', 'verse': '13', 'word_num': 17, 'word': 'beloved', 'occurrence': 1}]","beloved",1,"τῆς ἀγάπης = beloved",0.0035587188612099642,1,0,0
"544029","col","2","2","6",",1527882,",",1332476,",0,"[{'id': 1527882, 'book_id': 'col', 'chapter': '2', 'verse': '2', 'word_num': 7, 'word': 'ἀγάπῃ', 'occurrence': 1, 'strong': 'G00260', 'lemma': 'ἀγάπη', 'morph': 'Gr,N,,,,,DFS,'}]","ἀγάπῃ",1,0,"[{'id': 1332476, 'book_id': 'col', 'chapter': '2', 'verse': '2', 'word_num': 14, 'word': 'love', 'occurrence': 1}]","love",1,"ἀγάπῃ = love",0.0711743772241993,20,0,0
"544498","col","3","12","6",",1528397,",",1333163,",0,"[{'id': 1528397, 'book_id': 'col', 'chapter': '3', 'verse': '12', 'word_num': 8, 'word': 'ἠγαπημένοι', 'occurrence': 1, 'strong': 'G00250', 'lemma': 'ἀγαπάω', 'morph': 'Gr,V,PEP,NMP,'}]","ἠγαπημένοι",1,0,"[{'id': 1333163, 'book_id': 'col', 'chapter': '3', 'verse': '12', 'word_num': 8, 'word': 'beloved', 'occurrence': 1}]","beloved",1,"ἠγαπημένοι = beloved",0.0035587188612099642,1,0,0
"544530","col","3","14","4",",1528428,1528429,",",1333214,1333215,",1,"[{'id': 1528428, 'book_id': 'col', 'chapter': '3', 'verse': '14', 'word_num': 4, 'word': 'τὴν', 'occurrence': 1, 'strong': 'G35880', 'lemma': 'ὁ', 'morph': 'Gr,EA,,,,AFS,'}, {'id': 1528429, 'book_id': 'col', 'chapter': '3', 'verse': '14', 'word_num': 5, 'word': 'ἀγάπην', 'occurrence': 1, 'strong': 'G00260', 'lemma': 'ἀγάπη', 'morph': 'Gr,N,,,,,AFS,'}]","τὴν ἀγάπην",2,1,"[{'id': 1333214, 'book_id': 'col', 'chapter': '3', 'verse': '14', 'word_num': 5, 'word': 'have', 'occurrence': 1}, {'id': 1333215, 'book_id': 'col', 'chapter': '3', 'verse': '14', 'word_num': 6, 'word': 'love', 'occurrence': 1}]","have love",2,"τὴν ἀγάπην = have love",0.0035587188612099642,1,0,0
"544608","col","3","19","1",",1528517,",",1333319,",0,"[{'id': 1528517, 'book_id': 'col', 'chapter': '3', 'verse': '19', 'word_num': 2, 'word': 'ἀγαπᾶτε', 'occurrence': 1, 'strong': 'G00250', 'lemma': 'ἀγαπάω', 'morph': 'Gr,V,MPA2,,P,'}]","ἀγαπᾶτε",1,0,"[{'id': 1333319, 'book_id': 'col', 'chapter': '3', 'verse': '19', 'word_num': 1, 'word': 'love', 'occurrence': 1}]","love",1,"ἀγαπᾶτε = love",0.017793594306049824,5,0,0
"545000","1th","1","3","6",",1528932,1528933,",",1333878,1333879,",1,"[{'id': 1528932, 'book_id': '1th', 'chapter': '1', 'verse': '3', 'word_num': 9, 'word': 'τῆς', 'occurrence': 2, 'strong': 'G35880', 'lemma': 'ὁ', 'morph': 'Gr,EA,,,,GFS,'}, {'id': 1528933, 'book_id': '1th', 'chapter': '1', 'verse': '3', 'word_num': 10, 'word': 'ἀγάπης', 'occurrence': 1, 'strong': 'G00260', 'lemma': 'ἀγάπη', 'morph': 'Gr,N,,,,,GFS,'}]","τῆς ἀγάπης",2,1,"[{'id': 1333878, 'book_id': '1th', 'chapter': '1', 'verse': '3', 'word_num': 8, 'word': 'of', 'occurrence': 2}, {'id': 1333879, 'book_id': '1th', 'chapter': '1', 'verse': '3', 'word_num': 9, 'word': 'love', 'occurrence': 1}]","of love",2,"τῆς ἀγάπης = of love",0.0035587188612099642,1,0,0
"545015","1th","1","4","1",",1528952,",",1333895,",0,"[{'id': 1528952, 'book_id': '1th', 'chapter': '1', 'verse': '4', 'word_num': 2, 'word': 'ἠγαπημένοι', 'occurrence': 1, 'strong': 'G00250', 'lemma': 'ἀγαπάω', 'morph': 'Gr,V,PEP,VMP,'}]","ἠγαπημένοι",1,0,"[{'id': 1333895, 'book_id': '1th', 'chapter': '1', 'verse': '4', 'word_num': 1, 'word': 'loved', 'occurrence': 1}]","loved",1,"ἠγαπημένοι = loved",0.0071174377224199285,2,0,0
"545620","1th","3","6","12",",1529595,1529596,",",1334720,",1,"[{'id': 1529595, 'book_id': '1th', 'chapter': '3', 'verse': '6', 'word_num': 14, 'word': 'τὴν', 'occurrence': 2, 'strong': 'G35880', 'lemma': 'ὁ', 'morph': 'Gr,EA,,,,AFS,'}, {'id': 1529596, 'book_id': '1th', 'chapter': '3', 'verse': '6', 'word_num': 15, 'word': 'ἀγάπην', 'occurrence': 1, 'strong': 'G00260', 'lemma': 'ἀγάπη', 'morph': 'Gr,N,,,,,AFS,'}]","τὴν ἀγάπην",2,0,"[{'id': 1334720, 'book_id': '1th', 'chapter': '3', 'verse': '6', 'word_num': 15, 'word': 'of', 'occurrence': 1}]","of",1,"τὴν ἀγάπην = of",0.0035587188612099642,1,0,0
"545724","1th","3","12","9",",1529703,1529704,",",1334849,1334850,",1,"[{'id': 1529703, 'book_id': '1th', 'chapter': '3', 'verse': '12', 'word_num': 7, 'word': 'τῇ', 'occurrence': 1, 'strong': 'G35880', 'lemma': 'ὁ', 'morph': 'Gr,EA,,,,DFS,'}, {'id': 1529704, 'book_id': '1th', 'chapter': '3', 'verse': '12', 'word_num': 8, 'word': 'ἀγάπῃ', 'occurrence': 1, 'strong': 'G00260', 'lemma': 'ἀγάπη', 'morph': 'Gr,N,,,,,DFS,'}]","τῇ ἀγάπῃ",2,1,"[{'id': 1334849, 'book_id': '1th', 'chapter': '3', 'verse': '12', 'word_num': 9, 'word': 'in', 'occurrence': 1}, {'id': 1334850, 'book_id': '1th', 'chapter': '3', 'verse': '12', 'word_num': 10, 'word': 'love', 'occurrence': 1}]","in love",2,"τῇ ἀγάπῃ = in love",0.0035587188612099642,1,0,0
"545884","1th","4","9","2",",1529873,1529874,",",1335046,1335047,",1,"[{'id': 1529873, 'book_id': '1th', 'chapter': '4', 'verse': '9', 'word_num': 2, 'word': 'τῆς', 'occurrence': 1, 'strong': 'G35880', 'lemma': 'ὁ', 'morph': 'Gr,EA,,,,GFS,'}, {'id': 1529874, 'book_id': '1th', 'chapter': '4', 'verse': '9', 'word_num': 3, 'word': 'φιλαδελφίας', 'occurrence': 1, 'strong': 'G53600', 'lemma': 'φιλαδελφία', 'morph': 'Gr,N,,,,,GFS,'}]","τῆς φιλαδελφίας",2,1,"[{'id': 1335046, 'book_id': '1th', 'chapter': '4', 'verse': '9', 'word_num': 2, 'word': 'brotherly', 'occurrence': 1}, {'id': 1335047, 'book_id': '1th', 'chapter': '4', 'verse': '9', 'word_num': 3, 'word': 'love', 'occurrence': 1}]","brotherly love",2,"τῆς φιλαδελφίας = brotherly love",0.0035587188612099642,1,0,0
"545896","1th","4","9","14",",1529886,1529887,",",1335065,1335066,",1,"[{'id': 1529886, 'book_id': '1th', 'chapter': '4', 'verse': '9', 'word_num': 15, 'word': 'τὸ', 'occurrence': 1, 'strong': 'G35880', 'lemma': 'ὁ', 'morph': 'Gr,RD,,,,ANS,'}, {'id': 1529887, 'book_id': '1th', 'chapter': '4', 'verse': '9', 'word_num': 16, 'word': 'ἀγαπᾶν', 'occurrence': 1, 'strong': 'G00250', 'lemma': 'ἀγαπάω', 'morph': 'Gr,V,NPA,,,,,'}]","τὸ ἀγαπᾶν",2,1,"[{'id': 1335065, 'book_id': '1th', 'chapter': '4', 'verse': '9', 'word_num': 21, 'word': 'to', 'occurrence': 3}, {'id': 1335066, 'book_id': '1th', 'chapter': '4', 'verse': '9', 'word_num': 22, 'word': 'love', 'occurrence': 2}]","to love",2,"τὸ ἀγαπᾶν = to love",0.0071174377224199285,2,0,0
"546149","1th","5","8","8",",1530156,",",1335458,",0,"[{'id': 1530156, 'book_id': '1th', 'chapter': '5', 'verse': '8', 'word_num': 9, 'word': 'ἀγάπης', 'occurrence': 1, 'strong': 'G00260', 'lemma': 'ἀγάπη', 'morph': 'Gr,N,,,,,GFS,'}]","ἀγάπης",1,0,"[{'id': 1335458, 'book_id': '1th', 'chapter': '5', 'verse': '8', 'word_num': 16, 'word': 'love', 'occurrence': 1}]","love",1,"ἀγάπης = love",0.03914590747330961,11,0,0
"546215","1th","5","13","5",",1530227,",",1335556,",0,"[{'id': 1530227, 'book_id': '1th', 'chapter': '5', 'verse': '13', 'word_num': 7, 'word': 'ἀγάπῃ', 'occurrence': 1, 'strong': 'G00260', 'lemma': 'ἀγάπη', 'morph': 'Gr,N,,,,,DFS,'}]","ἀγάπῃ",1,0,"[{'id': 1335556, 'book_id': '1th', 'chapter': '5', 'verse': '13', 'word_num': 9, 'word': 'love', 'occurrence': 1}]","love",1,"ἀγάπῃ = love",0.0711743772241993,20,0,0
"546400","2th","1","3","16",",1530417,",",1335794,",0,"[{'id': 1530417, 'book_id': '2th', 'chapter': '1', 'verse': '3', 'word_num': 19, 'word': 'ἀγάπη', 'occurrence': 1, 'strong': 'G00260', 'lemma': 'ἀγάπη', 'morph': 'Gr,N,,,,,NFS,'}]","ἀγάπη",1,0,"[{'id': 1335794, 'book_id': '2th', 'chapter': '1', 'verse': '3', 'word_num': 23, 'word': 'love', 'occurrence': 1}]","love",1,"ἀγάπη = love",0.06405693950177936,18,0,0
"546755","2th","2","10","11",",1530785,",",1336310,",0,"[{'id': 1530785, 'book_id': '2th', 'chapter': '2', 'verse': '10', 'word_num': 10, 'word': 'ἀγάπην', 'occurrence': 1, 'strong': 'G00260', 'lemma': 'ἀγάπη', 'morph': 'Gr,N,,,,,AFS,'}]","ἀγάπην",1,0,"[{'id': 1336310, 'book_id': '2th', 'chapter': '2', 'verse': '10', 'word_num': 16, 'word': 'love', 'occurrence': 1}]","love",1,"ἀγάπην = love",0.08185053380782918,23,0,0
"546795","2th","2","13","9",",1530831,",",1336372,",0,"[{'id': 1530831, 'book_id': '2th', 'chapter': '2', 'verse': '13', 'word_num': 10, 'word': 'ἠγαπημένοι', 'occurrence': 1, 'strong': 'G00250', 'lemma': 'ἀγαπάω', 'morph': 'Gr,V,PEP,VMP,'}]","ἠγαπημένοι",1,0,"[{'id': 1336372, 'book_id': '2th', 'chapter': '2', 'verse': '13', 'word_num': 11, 'word': 'loved', 'occurrence': 1}]","loved",1,"ἠγαπημένοι = loved",0.0071174377224199285,2,0,0
"546853","2th","2","16","10",",1530894,1530895,",",1336447,1336448,",1,"[{'id': 1530894, 'book_id': '2th', 'chapter': '2', 'verse': '16', 'word_num': 13, 'word': 'ὁ', 'occurrence': 4, 'strong': 'G35880', 'lemma': 'ὁ', 'morph': 'Gr,RD,,,,NMS,'}, {'id': 1530895, 'book_id': '2th', 'chapter': '2', 'verse': '16', 'word_num': 14, 'word': 'ἀγαπήσας', 'occurrence': 1, 'strong': 'G00250', 'lemma': 'ἀγαπάω', 'morph': 'Gr,V,PAA,NMS,'}]","ὁ ἀγαπήσας",2,1,"[{'id': 1336447, 'book_id': '2th', 'chapter': '2', 'verse': '16', 'word_num': 11, 'word': 'who', 'occurrence': 1}, {'id': 1336448, 'book_id': '2th', 'chapter': '2', 'verse': '16', 'word_num': 12, 'word': 'loved', 'occurrence': 1}]","who loved",2,"ὁ ἀγαπήσας = who loved",0.0035587188612099642,1,0,0
"546937","2th","3","5","9",",1530984,",",1336558,",0,"[{'id': 1530984, 'book_id': '2th', 'chapter': '3', 'verse': '5', 'word_num': 9, 'word': 'ἀγάπην', 'occurrence': 1, 'strong': 'G00260', 'lemma': 'ἀγάπη', 'morph': 'Gr,N,,,,,AFS,'}]","ἀγάπην",1,0,"[{'id': 1336558, 'book_id': '2th', 'chapter': '3', 'verse': '5', 'word_num': 9, 'word': 'love', 'occurrence': 1}]","love",1,"ἀγάπην = love",0.08185053380782918,23,0,0
"547215","1ti","1","5","7",",1531260,",",1336954,",0,"[{'id': 1531260, 'book_id': '1ti', 'chapter': '1', 'verse': '5', 'word_num': 6, 'word': 'ἀγάπη', 'occurrence': 1, 'strong': 'G00260', 'lemma': 'ἀγάπη', 'morph': 'Gr,N,,,,,NFS,'}]","ἀγάπη",1,0,"[{'id': 1336954, 'book_id': '1ti', 'chapter': '1', 'verse': '5', 'word_num': 7, 'word': 'love', 'occurrence': 1}]","love",1,"ἀγάπη = love",0.06405693950177936,18,0,0
"547342","1ti","1","14","10",",1531386,",",1337155,",0,"[{'id': 1531386, 'book_id': '1ti', 'chapter': '1', 'verse': '14', 'word_num': 10, 'word': 'ἀγάπης', 'occurrence': 1, 'strong': 'G00260', 'lemma': 'ἀγάπη', 'morph': 'Gr,N,,,,,GFS,'}]","ἀγάπης",1,0,"[{'id': 1337155, 'book_id': '1ti', 'chapter': '1', 'verse': '14', 'word_num': 10, 'word': 'love', 'occurrence': 1}]","love",1,"ἀγάπης = love",0.03914590747330961,11,0,0
"547636","1ti","2","15","10",",1531680,",",1337558,",0,"[{'id': 1531680, 'book_id': '1ti', 'chapter': '2', 'verse': '15', 'word_num': 10, 'word': 'ἀγάπῃ', 'occurrence': 1, 'strong': 'G00260', 'lemma': 'ἀγάπη', 'morph': 'Gr,N,,,,,DFS,'}]","ἀγάπῃ",1,0,"[{'id': 1337558, 'book_id': '1ti', 'chapter': '2', 'verse': '15', 'word_num': 16, 'word': 'love', 'occurrence': 1}]","love",1,"ἀγάπῃ = love",0.0711743772241993,20,0,0
"548027","1ti","4","12","15",",1532053,",",1338097,",0,"[{'id': 1532053, 'book_id': '1ti', 'chapter': '4', 'verse': '12', 'word_num': 15, 'word': 'ἀγάπῃ', 'occurrence': 1, 'strong': 'G00260', 'lemma': 'ἀγάπη', 'morph': 'Gr,N,,,,,DFS,'}]","ἀγάπῃ",1,0,"[{'id': 1338097, 'book_id': '1ti', 'chapter': '4', 'verse': '12', 'word_num': 18, 'word': 'love', 'occurrence': 1}]","love",1,"ἀγάπῃ = love",0.0711743772241993,20,0,0
"548603","1ti","6","11","11",",1532620,",",1338934,",0,"[{'id': 1532620, 'book_id': '1ti', 'chapter': '6', 'verse': '11', 'word_num': 12, 'word': 'ἀγάπην', 'occurrence': 1, 'strong': 'G00260', 'lemma': 'ἀγάπη', 'morph': 'Gr,N,,,,,AFS,'}]","ἀγάπην",1,0,"[{'id': 1338934, 'book_id': '1ti', 'chapter': '6', 'verse': '11', 'word_num': 14, 'word': 'love', 'occurrence': 1}]","love",1,"ἀγάπην = love",0.08185053380782918,23,0,0
"548878","2ti","1","7","10",",1532905,",",1339313,",0,"[{'id': 1532905, 'book_id': '2ti', 'chapter': '1', 'verse': '7', 'word_num': 11, 'word': 'ἀγάπης', 'occurrence': 1, 'strong': 'G00260', 'lemma': 'ἀγάπη', 'morph': 'Gr,N,,,,,GFS,'}]","ἀγάπης",1,0,"[{'id': 1339313, 'book_id': '2ti', 'chapter': '1', 'verse': '7', 'word_num': 14, 'word': 'love', 'occurrence': 1}]","love",1,"ἀγάπης = love",0.03914590747330961,11,0,0
"549001","2ti","1","13","11",",1533024,",",1339484,",0,"[{'id': 1533024, 'book_id': '2ti', 'chapter': '1', 'verse': '13', 'word_num': 11, 'word': 'ἀγάπῃ', 'occurrence': 1, 'strong': 'G00260', 'lemma': 'ἀγάπη', 'morph': 'Gr,N,,,,,DFS,'}]","ἀγάπῃ",1,0,"[{'id': 1339484, 'book_id': '2ti', 'chapter': '1', 'verse': '13', 'word_num': 15, 'word': 'love', 'occurrence': 1}]","love",1,"ἀγάπῃ = love",0.0711743772241993,20,0,0
"549385","2ti","2","22","8",",1533396,",",1340012,",0,"[{'id': 1533396, 'book_id': '2ti', 'chapter': '2', 'verse': '22', 'word_num': 9, 'word': 'ἀγάπην', 'occurrence': 1, 'strong': 'G00260', 'lemma': 'ἀγάπη', 'morph': 'Gr,N,,,,,AFS,'}]","ἀγάπην",1,0,"[{'id': 1340012, 'book_id': '2ti', 'chapter': '2', 'verse': '22', 'word_num': 8, 'word': 'love', 'occurrence': 1}]","love",1,"ἀγάπην = love",0.08185053380782918,23,0,0
"549569","2ti","3","10","9",",1533584,1533585,",",1340285,",1,"[{'id': 1533584, 'book_id': '2ti', 'chapter': '3', 'verse': '10', 'word_num': 14, 'word': 'τῇ', 'occurrence': 6, 'strong': 'G35880', 'lemma': 'ὁ', 'morph': 'Gr,EA,,,,DFS,'}, {'id': 1533585, 'book_id': '2ti', 'chapter': '3', 'verse': '10', 'word_num': 15, 'word': 'ἀγάπῃ', 'occurrence': 1, 'strong': 'G00260', 'lemma': 'ἀγάπη', 'morph': 'Gr,N,,,,,DFS,'}]","τῇ ἀγάπῃ",2,0,"[{'id': 1340285, 'book_id': '2ti', 'chapter': '3', 'verse': '10', 'word_num': 10, 'word': 'love', 'occurrence': 1}]","love",1,"τῇ ἀγάπῃ = love",0.02491103202846975,7,0,0
"549799","2ti","4","8","27",",1533822,",",1340608,1340609,",0,"[{'id': 1533822, 'book_id': '2ti', 'chapter': '4', 'verse': '8', 'word_num': 27, 'word': 'ἠγαπηκόσι', 'occurrence': 1, 'strong': 'G00250', 'lemma': 'ἀγαπάω', 'morph': 'Gr,V,PEA,DMP,'}]","ἠγαπηκόσι",1,1,"[{'id': 1340608, 'book_id': '2ti', 'chapter': '4', 'verse': '8', 'word_num': 34, 'word': 'have', 'occurrence': 1}, {'id': 1340609, 'book_id': '2ti', 'chapter': '4', 'verse': '8', 'word_num': 35, 'word': 'loved', 'occurrence': 1}]","have loved",2,"ἠγαπηκόσι = have loved",0.0035587188612099642,1,0,0
"549811","2ti","4","10","4",",1533835,",",1340625,1340626,",0,"[{'id': 1533835, 'book_id': '2ti', 'chapter': '4', 'verse': '10', 'word_num': 4, 'word': 'ἀγαπήσας', 'occurrence': 1, 'strong': 'G00250', 'lemma': 'ἀγαπάω', 'morph': 'Gr,V,PAA,NMS,'}]","ἀγαπήσας",1,1,"[{'id': 1340625, 'book_id': '2ti', 'chapter': '4', 'verse': '10', 'word_num': 5, 'word': 'having', 'occurrence': 1}, {'id': 1340626, 'book_id': '2ti', 'chapter': '4', 'verse': '10', 'word_num': 6, 'word': 'loved', 'occurrence': 1}]","having loved",2,"ἀγαπήσας = having loved",0.0035587188612099642,1,0,0
"550254","tit","2","2","9",",1534287,",",1341239,",0,"[{'id': 1534287, 'book_id': 'tit', 'chapter': '2', 'verse': '2', 'word_num': 9, 'word': 'ἀγάπῃ', 'occurrence': 1, 'strong': 'G00260', 'lemma': 'ἀγάπη', 'morph': 'Gr,N,,,,,DFS,'}]","ἀγάπῃ",1,0,"[{'id': 1341239, 'book_id': 'tit', 'chapter': '2', 'verse': '2', 'word_num': 12, 'word': 'love', 'occurrence': 1}]","love",1,"ἀγάπῃ = love",0.0711743772241993,20,0,0
"550275","tit","2","4","5",",1534306,",",1341279,1341280,1341281,1341282,",0,"[{'id': 1534306, 'book_id': 'tit', 'chapter': '2', 'verse': '4', 'word_num': 4, 'word': 'φιλάνδρους', 'occurrence': 1, 'strong': 'G53620', 'lemma': 'φίλανδρος', 'morph': 'Gr,NS,,,,AFP,'}]","φιλάνδρους",1,3,"[{'id': 1341279, 'book_id': 'tit', 'chapter': '2', 'verse': '4', 'word_num': 11, 'word': 'lovers', 'occurrence': 1}, {'id': 1341280, 'book_id': 'tit', 'chapter': '2', 'verse': '4', 'word_num': 12, 'word': 'of', 'occurrence': 1}, {'id': 1341281, 'book_id': 'tit', 'chapter': '2', 'verse': '4', 'word_num': 13, 'word': 'their', 'occurrence': 1}, {'id': 1341282, 'book_id': 'tit', 'chapter': '2', 'verse': '4', 'word_num': 14, 'word': 'husbands', 'occurrence': 1}]","lovers of their husbands",4,"φιλάνδρους = lovers of their husbands",0.0035587188612099642,1,0,0
"550276","tit","2","4","6",",1534308,",",1341283,1341284,1341285,1341286,1341287,",0,"[{'id': 1534308, 'book_id': 'tit', 'chapter': '2', 'verse': '4', 'word_num': 6, 'word': 'φιλοτέκνους', 'occurrence': 1, 'strong': 'G53880', 'lemma': 'φιλότεκνος', 'morph': 'Gr,NS,,,,AFP,'}]","φιλοτέκνους",1,4,"[{'id': 1341283, 'book_id': 'tit', 'chapter': '2', 'verse': '4', 'word_num': 15, 'word': 'and', 'occurrence': 1}, {'id': 1341284, 'book_id': 'tit', 'chapter': '2', 'verse': '4', 'word_num': 16, 'word': 'lovers', 'occurrence': 2}, {'id': 1341285, 'book_id': 'tit', 'chapter': '2', 'verse': '4', 'word_num': 17, 'word': 'of', 'occurrence': 2}, {'id': 1341286, 'book_id': 'tit', 'chapter': '2', 'verse': '4', 'word_num': 18, 'word': 'their', 'occurrence': 2}, {'id': 1341287, 'book_id': 'tit', 'chapter': '2', 'verse': '4', 'word_num': 19, 'word': 'children', 'occurrence': 1}]","and lovers of their children",5,"φιλοτέκνους = and lovers of their children",0.0035587188612099642,1,0,0
"550489","tit","3","4","10",",1534509,",",1341578,1341579,1341580,",0,"[{'id': 1534509, 'book_id': 'tit', 'chapter': '3', 'verse': '4', 'word_num': 6, 'word': 'φιλανθρωπία', 'occurrence': 1, 'strong': 'G53630', 'lemma': 'φιλανθρωπία', 'morph': 'Gr,N,,,,,NFS,'}]","φιλανθρωπία",1,2,"[{'id': 1341578, 'book_id': 'tit', 'chapter': '3', 'verse': '4', 'word_num': 10, 'word': 'love', 'occurrence': 1}, {'id': 1341579, 'book_id': 'tit', 'chapter': '3', 'verse': '4', 'word_num': 11, 'word': 'for', 'occurrence': 1}, {'id': 1341580, 'book_id': 'tit', 'chapter': '3', 'verse': '4', 'word_num': 12, 'word': 'mankind', 'occurrence': 1}]","love for mankind",3,"φιλανθρωπία = love for mankind",0.0035587188612099642,1,0,0
"550645","tit","3","15","8",",1534669,",",1341795,",0,"[{'id': 1534669, 'book_id': 'tit', 'chapter': '3', 'verse': '15', 'word_num': 8, 'word': 'φιλοῦντας', 'occurrence': 1, 'strong': 'G53680', 'lemma': 'φιλέω', 'morph': 'Gr,V,PPA,AMP,'}]","φιλοῦντας",1,0,"[{'id': 1341795, 'book_id': 'tit', 'chapter': '3', 'verse': '15', 'word_num': 11, 'word': 'love', 'occurrence': 1}]","love",1,"φιλοῦντας = love",0.0035587188612099642,1,0,0
"550704","phm","1","5","2",",1534734,1534735,",",1341875,",1,"[{'id': 1534734, 'book_id': 'phm', 'chapter': '1', 'verse': '5', 'word_num': 2, 'word': 'τὴν', 'occurrence': 1, 'strong': 'G35880', 'lemma': 'ὁ', 'morph': 'Gr,EA,,,,AFS,'}, {'id': 1534735, 'book_id': 'phm', 'chapter': '1', 'verse': '5', 'word_num': 3, 'word': 'ἀγάπην', 'occurrence': 1, 'strong': 'G00260', 'lemma': 'ἀγάπη', 'morph': 'Gr,N,,,,,AFS,'}]","τὴν ἀγάπην",2,0,"[{'id': 1341875, 'book_id': 'phm', 'chapter': '1', 'verse': '5', 'word_num': 5, 'word': 'love', 'occurrence': 1}]","love",1,"τὴν ἀγάπην = love",0.017793594306049824,5,0,0
"550744","phm","1","7","8",",1534774,1534775,",",1341925,",1,"[{'id': 1534774, 'book_id': 'phm', 'chapter': '1', 'verse': '7', 'word_num': 7, 'word': 'τῇ', 'occurrence': 1, 'strong': 'G35880', 'lemma': 'ὁ', 'morph': 'Gr,EA,,,,DFS,'}, {'id': 1534775, 'book_id': 'phm', 'chapter': '1', 'verse': '7', 'word_num': 8, 'word': 'ἀγάπῃ', 'occurrence': 1, 'strong': 'G00260', 'lemma': 'ἀγάπη', 'morph': 'Gr,N,,,,,DFS,'}]","τῇ ἀγάπῃ",2,0,"[{'id': 1341925, 'book_id': 'phm', 'chapter': '1', 'verse': '7', 'word_num': 11, 'word': 'love', 'occurrence': 1}]","love",1,"τῇ ἀγάπῃ = love",0.02491103202846975,7,0,0
"550764","phm","1","9","1",",1534797,1534798,",",1341960,",1,"[{'id': 1534797, 'book_id': 'phm', 'chapter': '1', 'verse': '9', 'word_num': 1, 'word': 'τὴν', 'occurrence': 1, 'strong': 'G35880', 'lemma': 'ὁ', 'morph': 'Gr,EA,,,,AFS,'}, {'id': 1534798, 'book_id': 'phm', 'chapter': '1', 'verse': '9', 'word_num': 2, 'word': 'ἀγάπην', 'occurrence': 1, 'strong': 'G00260', 'lemma': 'ἀγάπη', 'morph': 'Gr,N,,,,,AFS,'}]","τὴν ἀγάπην",2,0,"[{'id': 1341960, 'book_id': 'phm', 'chapter': '1', 'verse': '9', 'word_num': 3, 'word': 'love', 'occurrence': 1}]","love",1,"τὴν ἀγάπην = love",0.017793594306049824,5,0,0
"551110","heb","1","9","0",",1535172,",",1342492,1342493,1342494,",0,"[{'id': 1535172, 'book_id': 'heb', 'chapter': '1', 'verse': '9', 'word_num': 0, 'word': 'ἠγάπησας', 'occurrence': 1, 'strong': 'G00250', 'lemma': 'ἀγαπάω', 'morph': 'Gr,V,IAA2,,S,'}]","ἠγάπησας",1,2,"[{'id': 1342492, 'book_id': 'heb', 'chapter': '1', 'verse': '9', 'word_num': 0, 'word': 'You', 'occurrence': 1}, {'id': 1342493, 'book_id': 'heb', 'chapter': '1', 'verse': '9', 'word_num': 1, 'word': 'have', 'occurrence': 1}, {'id': 1342494, 'book_id': 'heb', 'chapter': '1', 'verse': '9', 'word_num': 2, 'word': 'loved', 'occurrence': 1}]","You have loved",3,"ἠγάπησας = You have loved",0.0035587188612099642,1,0,0
"552411","heb","6","10","10",",1536530,",",1344444,",0,"[{'id': 1536530, 'book_id': 'heb', 'chapter': '6', 'verse': '10', 'word_num': 11, 'word': 'ἀγάπης', 'occurrence': 1, 'strong': 'G00260', 'lemma': 'ἀγάπη', 'morph': 'Gr,N,,,,,GFS,'}]","ἀγάπης",1,0,"[{'id': 1344444, 'book_id': 'heb', 'chapter': '6', 'verse': '10', 'word_num': 13, 'word': 'love', 'occurrence': 1}]","love",1,"ἀγάπης = love",0.03914590747330961,11,0,0
"554054","heb","10","24","5",",1538255,",",1346934,1346935,",0,"[{'id': 1538255, 'book_id': 'heb', 'chapter': '10', 'verse': '24', 'word_num': 5, 'word': 'ἀγάπης', 'occurrence': 1, 'strong': 'G00260', 'lemma': 'ἀγάπη', 'morph': 'Gr,N,,,,,GFS,'}]","ἀγάπης",1,1,"[{'id': 1346934, 'book_id': 'heb', 'chapter': '10', 'verse': '24', 'word_num': 9, 'word': 'to', 'occurrence': 2}, {'id': 1346935, 'book_id': 'heb', 'chapter': '10', 'verse': '24', 'word_num': 10, 'word': 'love', 'occurrence': 1}]","to love",2,"ἀγάπης = to love",0.0035587188612099642,1,0,0
"554975","heb","12","6","4",",1539207,",",1348366,1348367,",0,"[{'id': 1539207, 'book_id': 'heb', 'chapter': '12', 'verse': '6', 'word_num': 2, 'word': 'ἀγαπᾷ', 'occurrence': 1, 'strong': 'G00250', 'lemma': 'ἀγαπάω', 'morph': 'Gr,V,IPA3,,S,'}]","ἀγαπᾷ",1,1,"[{'id': 1348366, 'book_id': 'heb', 'chapter': '12', 'verse': '6', 'word_num': 6, 'word': 'he', 'occurrence': 1}, {'id': 1348367, 'book_id': 'heb', 'chapter': '12', 'verse': '6', 'word_num': 7, 'word': 'loves', 'occurrence': 1}]","he loves",2,"ἀγαπᾷ = he loves",0.0071174377224199285,2,0,0
"555339","heb","13","1","1",",1539582,1539583,",",1348917,1348918,",1,"[{'id': 1539582, 'book_id': 'heb', 'chapter': '13', 'verse': '1', 'word_num': 0, 'word': 'ἡ', 'occurrence': 1, 'strong': 'G35880', 'lemma': 'ὁ', 'morph': 'Gr,EA,,,,NFS,'}, {'id': 1539583, 'book_id': 'heb', 'chapter': '13', 'verse': '1', 'word_num': 1, 'word': 'φιλαδελφία', 'occurrence': 1, 'strong': 'G53600', 'lemma': 'φιλαδελφία', 'morph': 'Gr,N,,,,,NFS,'}]","ἡ φιλαδελφία",2,1,"[{'id': 1348917, 'book_id': 'heb', 'chapter': '13', 'verse': '1', 'word_num': 1, 'word': 'brotherly', 'occurrence': 1}, {'id': 1348918, 'book_id': 'heb', 'chapter': '13', 'verse': '1', 'word_num': 2, 'word': 'love', 'occurrence': 1}]","brotherly love",2,"ἡ φιλαδελφία = brotherly love",0.0035587188612099642,1,0,0
"555853","jas","1","12","14",",1540129,1540130,",",1349677,1349678,1349679,1349680,",1,"[{'id': 1540129, 'book_id': 'jas', 'chapter': '1', 'verse': '12', 'word_num': 15, 'word': 'τοῖς', 'occurrence': 1, 'strong': 'G35880', 'lemma': 'ὁ', 'morph': 'Gr,RD,,,,DMP,'}, {'id': 1540130, 'book_id': 'jas', 'chapter': '1', 'verse': '12', 'word_num': 16, 'word': 'ἀγαπῶσιν', 'occurrence': 1, 'strong': 'G00250', 'lemma': 'ἀγαπάω', 'morph': 'Gr,V,PPA,DMP,'}]","τοῖς ἀγαπῶσιν",2,3,"[{'id': 1349677, 'book_id': 'jas', 'chapter': '1', 'verse': '12', 'word_num': 25, 'word': 'to', 'occurrence': 1}, {'id': 1349678, 'book_id': 'jas', 'chapter': '1', 'verse': '12', 'word_num': 26, 'word': 'those', 'occurrence': 1}, {'id': 1349679, 'book_id': 'jas', 'chapter': '1', 'verse': '12', 'word_num': 27, 'word': 'who', 'occurrence': 2}, {'id': 1349680, 'book_id': 'jas', 'chapter': '1', 'verse': '12', 'word_num': 28, 'word': 'love', 'occurrence': 1}]","to those who love",4,"τοῖς ἀγαπῶσιν = to those who love",0.0071174377224199285,2,0,0
"556162","jas","2","5","20",",1540456,1540457,",",1350132,1350133,1350134,1350135,",1,"[{'id': 1540456, 'book_id': 'jas', 'chapter': '2', 'verse': '5', 'word_num': 21, 'word': 'τοῖς', 'occurrence': 1, 'strong': 'G35880', 'lemma': 'ὁ', 'morph': 'Gr,RD,,,,DMP,'}, {'id': 1540457, 'book_id': 'jas', 'chapter': '2', 'verse': '5', 'word_num': 22, 'word': 'ἀγαπῶσιν', 'occurrence': 1, 'strong': 'G00250', 'lemma': 'ἀγαπάω', 'morph': 'Gr,V,PPA,DMP,'}]","τοῖς ἀγαπῶσιν",2,3,"[{'id': 1350132, 'book_id': 'jas', 'chapter': '2', 'verse': '5', 'word_num': 28, 'word': 'to', 'occurrence': 3}, {'id': 1350133, 'book_id': 'jas', 'chapter': '2', 'verse': '5', 'word_num': 29, 'word': 'those', 'occurrence': 1}, {'id': 1350134, 'book_id': 'jas', 'chapter': '2', 'verse': '5', 'word_num': 30, 'word': 'who', 'occurrence': 1}, {'id': 1350135, 'book_id': 'jas', 'chapter': '2', 'verse': '5', 'word_num': 31, 'word': 'love', 'occurrence': 1}]","to those who love",4,"τοῖς ἀγαπῶσιν = to those who love",0.0071174377224199285,2,0,0
"556199","jas","2","8","9",",1540493,",",1350185,1350186,1350187,",0,"[{'id': 1540493, 'book_id': 'jas', 'chapter': '2', 'verse': '8', 'word_num': 8, 'word': 'ἀγαπήσεις', 'occurrence': 1, 'strong': 'G00250', 'lemma': 'ἀγαπάω', 'morph': 'Gr,V,IFA2,,S,'}]","ἀγαπήσεις",1,2,"[{'id': 1350185, 'book_id': 'jas', 'chapter': '2', 'verse': '8', 'word_num': 11, 'word': 'You', 'occurrence': 1}, {'id': 1350186, 'book_id': 'jas', 'chapter': '2', 'verse': '8', 'word_num': 12, 'word': 'shall', 'occurrence': 1}, {'id': 1350187, 'book_id': 'jas', 'chapter': '2', 'verse': '8', 'word_num': 13, 'word': 'love', 'occurrence': 1}]","You shall love",3,"ἀγαπήσεις = You shall love",0.0035587188612099642,1,0,0
"557455","1pe","1","8","4",",1541824,",",1352021,1352022,1352023,1352024,",0,"[{'id': 1541824, 'book_id': '1pe', 'chapter': '1', 'verse': '8', 'word_num': 3, 'word': 'ἀγαπᾶτε', 'occurrence': 1, 'strong': 'G00250', 'lemma': 'ἀγαπάω', 'morph': 'Gr,V,IPA2,,P,'}]","ἀγαπᾶτε",1,3,"[{'id': 1352021, 'book_id': '1pe', 'chapter': '1', 'verse': '8', 'word_num': 5, 'word': 'but', 'occurrence': 1}, {'id': 1352022, 'book_id': '1pe', 'chapter': '1', 'verse': '8', 'word_num': 6, 'word': 'you', 'occurrence': 1}, {'id': 1352023, 'book_id': '1pe', 'chapter': '1', 'verse': '8', 'word_num': 7, 'word': 'love', 'occurrence': 1}, {'id': 1352024, 'book_id': '1pe', 'chapter': '1', 'verse': '8', 'word_num': 8, 'word': 'him', 'occurrence': 2}]","but you love him",4,"ἀγαπᾶτε = but you love him",0.0035587188612099642,1,0,0
"557677","1pe","1","22","10",",1542048,",",1352372,1352373,",0,"[{'id': 1542048, 'book_id': '1pe', 'chapter': '1', 'verse': '22', 'word_num': 10, 'word': 'φιλαδελφίαν', 'occurrence': 1, 'strong': 'G53600', 'lemma': 'φιλαδελφία', 'morph': 'Gr,N,,,,,AFS,'}]","φιλαδελφίαν",1,1,"[{'id': 1352372, 'book_id': '1pe', 'chapter': '1', 'verse': '22', 'word_num': 17, 'word': 'brotherly', 'occurrence': 1}, {'id': 1352373, 'book_id': '1pe', 'chapter': '1', 'verse': '22', 'word_num': 18, 'word': 'love', 'occurrence': 1}]","brotherly love",2,"φιλαδελφίαν = brotherly love",0.0035587188612099642,1,0,0
"557678","1pe","1","22","11",",1542054,",",1352374,1352375,",0,"[{'id': 1542054, 'book_id': '1pe', 'chapter': '1', 'verse': '22', 'word_num': 16, 'word': 'ἀγαπήσατε', 'occurrence': 1, 'strong': 'G00250', 'lemma': 'ἀγαπάω', 'morph': 'Gr,V,MAA2,,P,'}]","ἀγαπήσατε",1,1,"[{'id': 1352374, 'book_id': '1pe', 'chapter': '1', 'verse': '22', 'word_num': 19, 'word': 'so', 'occurrence': 1}, {'id': 1352375, 'book_id': '1pe', 'chapter': '1', 'verse': '22', 'word_num': 20, 'word': 'love', 'occurrence': 2}]","so love",2,"ἀγαπήσατε = so love",0.0035587188612099642,1,0,0
"557977","1pe","2","17","2",",1542361,",",1352822,",0,"[{'id': 1542361, 'book_id': '1pe', 'chapter': '2', 'verse': '17', 'word_num': 4, 'word': 'ἀγαπᾶτε', 'occurrence': 1, 'strong': 'G00250', 'lemma': 'ἀγαπάω', 'morph': 'Gr,V,MPA2,,P,'}]","ἀγαπᾶτε",1,0,"[{'id': 1352822, 'book_id': '1pe', 'chapter': '2', 'verse': '17', 'word_num': 3, 'word': 'Love', 'occurrence': 1}]","Love",1,"ἀγαπᾶτε = Love",0.0035587188612099642,1,0,0
"558227","1pe","3","8","5",",1542624,",",1353228,1353229,1353230,",0,"[{'id': 1542624, 'book_id': '1pe', 'chapter': '3', 'verse': '8', 'word_num': 6, 'word': 'φιλάδελφοι', 'occurrence': 1, 'strong': 'G53610', 'lemma': 'φιλάδελφος', 'morph': 'Gr,NS,,,,NMP,'}]","φιλάδελφοι",1,2,"[{'id': 1353228, 'book_id': '1pe', 'chapter': '3', 'verse': '8', 'word_num': 8, 'word': 'loving', 'occurrence': 1}, {'id': 1353229, 'book_id': '1pe', 'chapter': '3', 'verse': '8', 'word_num': 9, 'word': 'as', 'occurrence': 1}, {'id': 1353230, 'book_id': '1pe', 'chapter': '3', 'verse': '8', 'word_num': 10, 'word': 'brothers', 'occurrence': 1}]","loving as brothers",3,"φιλάδελφοι = loving as brothers",0.0035587188612099642,1,0,0
"558252","1pe","3","10","3",",1542650,",",1353269,1353270,",0,"[{'id': 1542650, 'book_id': '1pe', 'chapter': '3', 'verse': '10', 'word_num': 4, 'word': 'ἀγαπᾶν', 'occurrence': 1, 'strong': 'G00250', 'lemma': 'ἀγαπάω', 'morph': 'Gr,V,NPA,,,,,'}]","ἀγαπᾶν",1,1,"[{'id': 1353269, 'book_id': '1pe', 'chapter': '3', 'verse': '10', 'word_num': 5, 'word': 'to', 'occurrence': 1}, {'id': 1353270, 'book_id': '1pe', 'chapter': '3', 'verse': '10', 'word_num': 6, 'word': 'love', 'occurrence': 1}]","to love",2,"ἀγαπᾶν = to love",0.010676156583629894,3,0,0
"558545","1pe","4","8","4",",1542968,1542969,1542970,1542971,",",1353793,1353794,1353795,1353796,",3,"[{'id': 1542968, 'book_id': '1pe', 'chapter': '4', 'verse': '8', 'word_num': 2, 'word': 'τὴν', 'occurrence': 1, 'strong': 'G35880', 'lemma': 'ὁ', 'morph': 'Gr,EA,,,,AFS,'}, {'id': 1542969, 'book_id': '1pe', 'chapter': '4', 'verse': '8', 'word_num': 3, 'word': 'εἰς', 'occurrence': 1, 'strong': 'G15190', 'lemma': 'εἰς', 'morph': 'Gr,P,,,,,A,,,'}, {'id': 1542970, 'book_id': '1pe', 'chapter': '4', 'verse': '8', 'word_num': 4, 'word': 'ἑαυτοὺς', 'occurrence': 1, 'strong': 'G14380', 'lemma': 'ἑαυτοῦ', 'morph': 'Gr,RE,,,2AMP,'}, {'id': 1542971, 'book_id': '1pe', 'chapter': '4', 'verse': '8', 'word_num': 5, 'word': 'ἀγάπην', 'occurrence': 1, 'strong': 'G00260', 'lemma': 'ἀγάπη', 'morph': 'Gr,N,,,,,AFS,'}]","τὴν εἰς ἑαυτοὺς ἀγάπην",4,3,"[{'id': 1353793, 'book_id': '1pe', 'chapter': '4', 'verse': '8', 'word_num': 5, 'word': 'love', 'occurrence': 1}, {'id': 1353794, 'book_id': '1pe', 'chapter': '4', 'verse': '8', 'word_num': 6, 'word': 'for', 'occurrence': 1}, {'id': 1353795, 'book_id': '1pe', 'chapter': '4', 'verse': '8', 'word_num': 7, 'word': 'one', 'occurrence': 1}, {'id': 1353796, 'book_id': '1pe', 'chapter': '4', 'verse': '8', 'word_num': 8, 'word': 'another', 'occurrence': 1}]","love for one another",4,"τὴν εἰς ἑαυτοὺς ἀγάπην = love for one another",0.0035587188612099642,1,0,0
"558547","1pe","4","8","6",",1542975,",",1353798,",0,"[{'id': 1542975, 'book_id': '1pe', 'chapter': '4', 'verse': '8', 'word_num': 9, 'word': 'ἀγάπη', 'occurrence': 1, 'strong': 'G00260', 'lemma': 'ἀγάπη', 'morph': 'Gr,N,,,,,NFS,'}]","ἀγάπη",1,0,"[{'id': 1353798, 'book_id': '1pe', 'chapter': '4', 'verse': '8', 'word_num': 10, 'word': 'love', 'occurrence': 2}]","love",1,"ἀγάπη = love",0.06405693950177936,18,0,0
"558875","1pe","5","14","4",",1543369,",",1354390,1354391,",0,"[{'id': 1543369, 'book_id': '1pe', 'chapter': '5', 'verse': '14', 'word_num': 4, 'word': 'ἀγάπης', 'occurrence': 1, 'strong': 'G00260', 'lemma': 'ἀγάπη', 'morph': 'Gr,N,,,,,GFS,'}]","ἀγάπης",1,1,"[{'id': 1354390, 'book_id': '1pe', 'chapter': '5', 'verse': '14', 'word_num': 6, 'word': 'of', 'occurrence': 1}, {'id': 1354391, 'book_id': '1pe', 'chapter': '5', 'verse': '14', 'word_num': 7, 'word': 'love', 'occurrence': 1}]","of love",2,"ἀγάπης = of love",0.0035587188612099642,1,0,0
"558984","2pe","1","7","2",",1543500,1543501,",",1354554,1354555,1354556,",1,"[{'id': 1543500, 'book_id': '2pe', 'chapter': '1', 'verse': '7', 'word_num': 4, 'word': 'τὴν', 'occurrence': 1, 'strong': 'G35880', 'lemma': 'ὁ', 'morph': 'Gr,EA,,,,AFS,'}, {'id': 1543501, 'book_id': '2pe', 'chapter': '1', 'verse': '7', 'word_num': 5, 'word': 'φιλαδελφίαν', 'occurrence': 1, 'strong': 'G53600', 'lemma': 'φιλαδελφία', 'morph': 'Gr,N,,,,,AFS,'}]","τὴν φιλαδελφίαν",2,2,"[{'id': 1354554, 'book_id': '2pe', 'chapter': '1', 'verse': '7', 'word_num': 2, 'word': 'add', 'occurrence': 1}, {'id': 1354555, 'book_id': '2pe', 'chapter': '1', 'verse': '7', 'word_num': 3, 'word': 'brotherly', 'occurrence': 1}, {'id': 1354556, 'book_id': '2pe', 'chapter': '1', 'verse': '7', 'word_num': 4, 'word': 'affection', 'occurrence': 1}]","add brotherly affection",3,"τὴν φιλαδελφίαν = add brotherly affection",0.0035587188612099642,1,0,0
"558987","2pe","1","7","5",",1543504,1543505,",",1354559,1354560,",1,"[{'id': 1543504, 'book_id': '2pe', 'chapter': '1', 'verse': '7', 'word_num': 8, 'word': 'τῇ', 'occurrence': 2, 'strong': 'G35880', 'lemma': 'ὁ', 'morph': 'Gr,EA,,,,DFS,'}, {'id': 1543505, 'book_id': '2pe', 'chapter': '1', 'verse': '7', 'word_num': 9, 'word': 'φιλαδελφίᾳ', 'occurrence': 1, 'strong': 'G53600', 'lemma': 'φιλαδελφία', 'morph': 'Gr,N,,,,,DFS,'}]","τῇ φιλαδελφίᾳ",2,1,"[{'id': 1354559, 'book_id': '2pe', 'chapter': '1', 'verse': '7', 'word_num': 7, 'word': 'brotherly', 'occurrence': 2}, {'id': 1354560, 'book_id': '2pe', 'chapter': '1', 'verse': '7', 'word_num': 8, 'word': 'affection', 'occurrence': 2}]","brotherly affection",2,"τῇ φιλαδελφίᾳ = brotherly affection",0.0035587188612099642,1,0,0
"558988","2pe","1","7","6",",1543506,1543507,",",1354561,1354562,",1,"[{'id': 1543506, 'book_id': '2pe', 'chapter': '1', 'verse': '7', 'word_num': 10, 'word': 'τὴν', 'occurrence': 2, 'strong': 'G35880', 'lemma': 'ὁ', 'morph': 'Gr,EA,,,,AFS,'}, {'id': 1543507, 'book_id': '2pe', 'chapter': '1', 'verse': '7', 'word_num': 11, 'word': 'ἀγάπην', 'occurrence': 1, 'strong': 'G00260', 'lemma': 'ἀγάπη', 'morph': 'Gr,N,,,,,AFS,'}]","τὴν ἀγάπην",2,1,"[{'id': 1354561, 'book_id': '2pe', 'chapter': '1', 'verse': '7', 'word_num': 9, 'word': 'add', 'occurrence': 2}, {'id': 1354562, 'book_id': '2pe', 'chapter': '1', 'verse': '7', 'word_num': 10, 'word': 'love', 'occurrence': 1}]","add love",2,"τὴν ἀγάπην = add love",0.0035587188612099642,1,0,0
"559474","2pe","2","15","11",",1544007,",",1355322,",0,"[{'id': 1544007, 'book_id': '2pe', 'chapter': '2', 'verse': '15', 'word_num': 14, 'word': 'ἠγάπησεν', 'occurrence': 1, 'strong': 'G00250', 'lemma': 'ἀγαπάω', 'morph': 'Gr,V,IAA3,,S,'}]","ἠγάπησεν",1,0,"[{'id': 1355322, 'book_id': '2pe', 'chapter': '2', 'verse': '15', 'word_num': 20, 'word': 'loved', 'occurrence': 1}]","loved",1,"ἠγάπησεν = loved",0.02491103202846975,7,0,0
"560181","1jn","2","5","8",",1544766,",",1356376,",0,"[{'id': 1544766, 'book_id': '1jn', 'chapter': '2', 'verse': '5', 'word_num': 11, 'word': 'ἀγάπη', 'occurrence': 1, 'strong': 'G00260', 'lemma': 'ἀγάπη', 'morph': 'Gr,N,,,,,NFS,'}]","ἀγάπη",1,0,"[{'id': 1356376, 'book_id': '1jn', 'chapter': '2', 'verse': '5', 'word_num': 9, 'word': 'love', 'occurrence': 1}]","love",1,"ἀγάπη = love",0.06405693950177936,18,0,0
"560267","1jn","2","10","0",",1544852,1544853,",",1356486,1356487,1356488,1356489,",1,"[{'id': 1544852, 'book_id': '1jn', 'chapter': '2', 'verse': '10', 'word_num': 0, 'word': 'ὁ', 'occurrence': 1, 'strong': 'G35880', 'lemma': 'ὁ', 'morph': 'Gr,RD,,,,NMS,'}, {'id': 1544853, 'book_id': '1jn', 'chapter': '2', 'verse': '10', 'word_num': 1, 'word': 'ἀγαπῶν', 'occurrence': 1, 'strong': 'G00250', 'lemma': 'ἀγαπάω', 'morph': 'Gr,V,PPA,NMS,'}]","ὁ ἀγαπῶν",2,3,"[{'id': 1356486, 'book_id': '1jn', 'chapter': '2', 'verse': '10', 'word_num': 0, 'word': 'The', 'occurrence': 1}, {'id': 1356487, 'book_id': '1jn', 'chapter': '2', 'verse': '10', 'word_num': 1, 'word': 'one', 'occurrence': 1}, {'id': 1356488, 'book_id': '1jn', 'chapter': '2', 'verse': '10', 'word_num': 2, 'word': 'who', 'occurrence': 1}, {'id': 1356489, 'book_id': '1jn', 'chapter': '2', 'verse': '10', 'word_num': 3, 'word': 'loves', 'occurrence': 1}]","The one who loves",4,"ὁ ἀγαπῶν = The one who loves",0.0035587188612099642,1,0,0
"560364","1jn","2","15","1",",1544955,",",1356638,",0,"[{'id': 1544955, 'book_id': '1jn', 'chapter': '2', 'verse': '15', 'word_num': 1, 'word': 'ἀγαπᾶτε', 'occurrence': 1, 'strong': 'G00250', 'lemma': 'ἀγαπάω', 'morph': 'Gr,V,MPA2,,P,'}]","ἀγαπᾶτε",1,0,"[{'id': 1356638, 'book_id': '1jn', 'chapter': '2', 'verse': '15', 'word_num': 2, 'word': 'love', 'occurrence': 1}]","love",1,"ἀγαπᾶτε = love",0.017793594306049824,5,0,0
"560374","1jn","2","15","11",",1544965,",",1356651,",0,"[{'id': 1544965, 'book_id': '1jn', 'chapter': '2', 'verse': '15', 'word_num': 11, 'word': 'ἀγαπᾷ', 'occurrence': 1, 'strong': 'G00250', 'lemma': 'ἀγαπάω', 'morph': 'Gr,V,SPA3,,S,'}]","ἀγαπᾷ",1,0,"[{'id': 1356651, 'book_id': '1jn', 'chapter': '2', 'verse': '15', 'word_num': 15, 'word': 'loves', 'occurrence': 1}]","loves",1,"ἀγαπᾷ = loves",0.03202846975088968,9,0,0
"560378","1jn","2","15","15",",1544971,",",1356655,",0,"[{'id': 1544971, 'book_id': '1jn', 'chapter': '2', 'verse': '15', 'word_num': 17, 'word': 'ἀγάπη', 'occurrence': 1, 'strong': 'G00260', 'lemma': 'ἀγάπη', 'morph': 'Gr,N,,,,,NFS,'}]","ἀγάπη",1,0,"[{'id': 1356655, 'book_id': '1jn', 'chapter': '2', 'verse': '15', 'word_num': 19, 'word': 'love', 'occurrence': 2}]","love",1,"ἀγάπη = love",0.06405693950177936,18,0,0
"560659","1jn","3","1","2",",1545271,",",1357028,",0,"[{'id': 1545271, 'book_id': '1jn', 'chapter': '3', 'verse': '1', 'word_num': 2, 'word': 'ἀγάπην', 'occurrence': 1, 'strong': 'G00260', 'lemma': 'ἀγάπη', 'morph': 'Gr,N,,,,,AFS,'}]","ἀγάπην",1,0,"[{'id': 1357028, 'book_id': '1jn', 'chapter': '3', 'verse': '1', 'word_num': 4, 'word': 'love', 'occurrence': 1}]","love",1,"ἀγάπην = love",0.08185053380782918,23,0,0
"560831","1jn","3","10","21",",1545467,",",1357289,",0,"[{'id': 1545467, 'book_id': '1jn', 'chapter': '3', 'verse': '10', 'word_num': 26, 'word': 'ἀγαπῶν', 'occurrence': 1, 'strong': 'G00250', 'lemma': 'ἀγαπάω', 'morph': 'Gr,V,PPA,NMS,'}]","ἀγαπῶν",1,0,"[{'id': 1357289, 'book_id': '1jn', 'chapter': '3', 'verse': '10', 'word_num': 30, 'word': 'who', 'occurrence': 2}]","who",1,"ἀγαπῶν = who",0.014234875444839857,4,0,0
"560846","1jn","3","11","10",",1545481,",",1357308,1357309,1357310,",0,"[{'id': 1545481, 'book_id': '1jn', 'chapter': '3', 'verse': '11', 'word_num': 10, 'word': 'ἀγαπῶμεν', 'occurrence': 1, 'strong': 'G00250', 'lemma': 'ἀγαπάω', 'morph': 'Gr,V,SPA1,,P,'}]","ἀγαπῶμεν",1,2,"[{'id': 1357308, 'book_id': '1jn', 'chapter': '3', 'verse': '11', 'word_num': 13, 'word': 'we', 'occurrence': 1}, {'id': 1357309, 'book_id': '1jn', 'chapter': '3', 'verse': '11', 'word_num': 14, 'word': 'should', 'occurrence': 1}, {'id': 1357310, 'book_id': '1jn', 'chapter': '3', 'verse': '11', 'word_num': 15, 'word': 'love', 'occurrence': 1}]","we should love",3,"ἀγαπῶμεν = we should love",0.0071174377224199285,2,0,0
"560890","1jn","3","14","9",",1545531,",",1357369,1357370,",0,"[{'id': 1545531, 'book_id': '1jn', 'chapter': '3', 'verse': '14', 'word_num': 11, 'word': 'ἀγαπῶμεν', 'occurrence': 1, 'strong': 'G00250', 'lemma': 'ἀγαπάω', 'morph': 'Gr,V,IPA1,,P,'}]","ἀγαπῶμεν",1,1,"[{'id': 1357369, 'book_id': '1jn', 'chapter': '3', 'verse': '14', 'word_num': 12, 'word': 'we', 'occurrence': 2}, {'id': 1357370, 'book_id': '1jn', 'chapter': '3', 'verse': '14', 'word_num': 13, 'word': 'love', 'occurrence': 1}]","we love",2,"ἀγαπῶμεν = we love",0.014234875444839857,4,0,0
"560895","1jn","3","14","14",",1545536,",",1357377,",0,"[{'id': 1545536, 'book_id': '1jn', 'chapter': '3', 'verse': '14', 'word_num': 16, 'word': 'ἀγαπῶν', 'occurrence': 1, 'strong': 'G00250', 'lemma': 'ἀγαπάω', 'morph': 'Gr,V,PPA,NMS,'}]","ἀγαπῶν",1,0,"[{'id': 1357377, 'book_id': '1jn', 'chapter': '3', 'verse': '14', 'word_num': 20, 'word': 'love', 'occurrence': 2}]","love",1,"ἀγαπῶν = love",0.0035587188612099642,1,0,0
"560917","1jn","3","16","3",",1545564,1545565,",",1357404,",1,"[{'id': 1545564, 'book_id': '1jn', 'chapter': '3', 'verse': '16', 'word_num': 3, 'word': 'τὴν', 'occurrence': 1, 'strong': 'G35880', 'lemma': 'ὁ', 'morph': 'Gr,EA,,,,AFS,'}, {'id': 1545565, 'book_id': '1jn', 'chapter': '3', 'verse': '16', 'word_num': 4, 'word': 'ἀγάπην', 'occurrence': 1, 'strong': 'G00260', 'lemma': 'ἀγάπη', 'morph': 'Gr,N,,,,,AFS,'}]","τὴν ἀγάπην",2,0,"[{'id': 1357404, 'book_id': '1jn', 'chapter': '3', 'verse': '16', 'word_num': 4, 'word': 'love', 'occurrence': 1}]","love",1,"τὴν ἀγάπην = love",0.017793594306049824,5,0,0
"560951","1jn","3","17","18",",1545607,",",1357448,",0,"[{'id': 1545607, 'book_id': '1jn', 'chapter': '3', 'verse': '17', 'word_num': 24, 'word': 'ἀγάπη', 'occurrence': 1, 'strong': 'G00260', 'lemma': 'ἀγάπη', 'morph': 'Gr,N,,,,,NFS,'}]","ἀγάπη",1,0,"[{'id': 1357448, 'book_id': '1jn', 'chapter': '3', 'verse': '17', 'word_num': 24, 'word': 'love', 'occurrence': 1}]","love",1,"ἀγάπη = love",0.06405693950177936,18,0,0
"560957","1jn","3","18","1",",1545615,",",1357456,1357457,",0,"[{'id': 1545615, 'book_id': '1jn', 'chapter': '3', 'verse': '18', 'word_num': 2, 'word': 'ἀγαπῶμεν', 'occurrence': 1, 'strong': 'G00250', 'lemma': 'ἀγαπάω', 'morph': 'Gr,V,SPA1,,P,'}]","ἀγαπῶμεν",1,1,"[{'id': 1357456, 'book_id': '1jn', 'chapter': '3', 'verse': '18', 'word_num': 2, 'word': 'let', 'occurrence': 1}, {'id': 1357457, 'book_id': '1jn', 'chapter': '3', 'verse': '18', 'word_num': 3, 'word': 'us', 'occurrence': 1}]","let us",2,"ἀγαπῶμεν = let us",0.0035587188612099642,1,0,0
"561032","1jn","3","23","14",",1545702,",",1357558,",0,"[{'id': 1545702, 'book_id': '1jn', 'chapter': '3', 'verse': '23', 'word_num': 16, 'word': 'ἀγαπῶμεν', 'occurrence': 1, 'strong': 'G00250', 'lemma': 'ἀγαπάω', 'morph': 'Gr,V,SPA1,,P,'}]","ἀγαπῶμεν",1,0,"[{'id': 1357558, 'book_id': '1jn', 'chapter': '3', 'verse': '23', 'word_num': 17, 'word': 'love', 'occurrence': 1}]","love",1,"ἀγαπῶμεν = love",0.0071174377224199285,2,0,0
"561187","1jn","4","7","1",",1545875,",",1357764,1357765,1357766,",0,"[{'id': 1545875, 'book_id': '1jn', 'chapter': '4', 'verse': '7', 'word_num': 1, 'word': 'ἀγαπῶμεν', 'occurrence': 1, 'strong': 'G00250', 'lemma': 'ἀγαπάω', 'morph': 'Gr,V,SPA1,,P,'}]","ἀγαπῶμεν",1,2,"[{'id': 1357764, 'book_id': '1jn', 'chapter': '4', 'verse': '7', 'word_num': 1, 'word': 'let', 'occurrence': 1}, {'id': 1357765, 'book_id': '1jn', 'chapter': '4', 'verse': '7', 'word_num': 2, 'word': 'us', 'occurrence': 1}, {'id': 1357766, 'book_id': '1jn', 'chapter': '4', 'verse': '7', 'word_num': 3, 'word': 'love', 'occurrence': 1}]","let us love",3,"ἀγαπῶμεν = let us love",0.0035587188612099642,1,0,0
"561190","1jn","4","7","4",",1545878,1545879,",",1357770,",1,"[{'id': 1545878, 'book_id': '1jn', 'chapter': '4', 'verse': '7', 'word_num': 4, 'word': 'ἡ', 'occurrence': 1, 'strong': 'G35880', 'lemma': 'ὁ', 'morph': 'Gr,EA,,,,NFS,'}, {'id': 1545879, 'book_id': '1jn', 'chapter': '4', 'verse': '7', 'word_num': 5, 'word': 'ἀγάπη', 'occurrence': 1, 'strong': 'G00260', 'lemma': 'ἀγάπη', 'morph': 'Gr,N,,,,,NFS,'}]","ἡ ἀγάπη",2,0,"[{'id': 1357770, 'book_id': '1jn', 'chapter': '4', 'verse': '7', 'word_num': 7, 'word': 'love', 'occurrence': 2}]","love",1,"ἡ ἀγάπη = love",0.03558718861209965,10,0,0
"561196","1jn","4","7","10",",1545886,1545887,",",1357776,1357777,",1,"[{'id': 1545886, 'book_id': '1jn', 'chapter': '4', 'verse': '7', 'word_num': 12, 'word': 'ὁ', 'occurrence': 1, 'strong': 'G35880', 'lemma': 'ὁ', 'morph': 'Gr,RD,,,,NMS,'}, {'id': 1545887, 'book_id': '1jn', 'chapter': '4', 'verse': '7', 'word_num': 13, 'word': 'ἀγαπῶν', 'occurrence': 1, 'strong': 'G00250', 'lemma': 'ἀγαπάω', 'morph': 'Gr,V,PPA,NMS,'}]","ὁ ἀγαπῶν",2,1,"[{'id': 1357776, 'book_id': '1jn', 'chapter': '4', 'verse': '7', 'word_num': 13, 'word': 'who', 'occurrence': 1}, {'id': 1357777, 'book_id': '1jn', 'chapter': '4', 'verse': '7', 'word_num': 14, 'word': 'loves', 'occurrence': 1}]","who loves",2,"ὁ ἀγαπῶν = who loves",0.0071174377224199285,2,0,0
"561204","1jn","4","8","1",",1545898,",",1357787,",0,"[{'id': 1545898, 'book_id': '1jn', 'chapter': '4', 'verse': '8', 'word_num': 2, 'word': 'ἀγαπῶν', 'occurrence': 1, 'strong': 'G00250', 'lemma': 'ἀγαπάω', 'morph': 'Gr,V,PPA,NMS,'}]","ἀγαπῶν",1,0,"[{'id': 1357787, 'book_id': '1jn', 'chapter': '4', 'verse': '8', 'word_num': 2, 'word': 'who', 'occurrence': 1}]","who",1,"ἀγαπῶν = who",0.014234875444839857,4,0,0
"561213","1jn","4","8","10",",1545906,",",1357798,",0,"[{'id': 1545906, 'book_id': '1jn', 'chapter': '4', 'verse': '8', 'word_num': 10, 'word': 'ἀγάπη', 'occurrence': 1, 'strong': 'G00260', 'lemma': 'ἀγάπη', 'morph': 'Gr,N,,,,,NFS,'}]","ἀγάπη",1,0,"[{'id': 1357798, 'book_id': '1jn', 'chapter': '4', 'verse': '8', 'word_num': 13, 'word': 'love', 'occurrence': 2}]","love",1,"ἀγάπη = love",0.06405693950177936,18,0,0
"561217","1jn","4","9","3",",1545912,",",1357803,",0,"[{'id': 1545912, 'book_id': '1jn', 'chapter': '4', 'verse': '9', 'word_num': 4, 'word': 'ἀγάπη', 'occurrence': 1, 'strong': 'G00260', 'lemma': 'ἀγάπη', 'morph': 'Gr,N,,,,,NFS,'}]","ἀγάπη",1,0,"[{'id': 1357803, 'book_id': '1jn', 'chapter': '4', 'verse': '9', 'word_num': 4, 'word': 'love', 'occurrence': 1}]","love",1,"ἀγάπη = love",0.06405693950177936,18,0,0
"561238","1jn","4","10","3",",1545936,1545937,",",1357832,",1,"[{'id': 1545936, 'book_id': '1jn', 'chapter': '4', 'verse': '10', 'word_num': 3, 'word': 'ἡ', 'occurrence': 1, 'strong': 'G35880', 'lemma': 'ὁ', 'morph': 'Gr,EA,,,,NFS,'}, {'id': 1545937, 'book_id': '1jn', 'chapter': '4', 'verse': '10', 'word_num': 4, 'word': 'ἀγάπη', 'occurrence': 1, 'strong': 'G00260', 'lemma': 'ἀγάπη', 'morph': 'Gr,N,,,,,NFS,'}]","ἡ ἀγάπη",2,0,"[{'id': 1357832, 'book_id': '1jn', 'chapter': '4', 'verse': '10', 'word_num': 3, 'word': 'love', 'occurrence': 1}]","love",1,"ἡ ἀγάπη = love",0.03558718861209965,10,0,0
"561242","1jn","4","10","7",",1545941,",",1357836,",0,"[{'id': 1545941, 'book_id': '1jn', 'chapter': '4', 'verse': '10', 'word_num': 8, 'word': 'ἠγαπήκαμεν', 'occurrence': 1, 'strong': 'G00250', 'lemma': 'ἀγαπάω', 'morph': 'Gr,V,IEA1,,P,'}]","ἠγαπήκαμεν",1,0,"[{'id': 1357836, 'book_id': '1jn', 'chapter': '4', 'verse': '10', 'word_num': 7, 'word': 'loved', 'occurrence': 1}]","loved",1,"ἠγαπήκαμεν = loved",0.0035587188612099642,1,0,0
"561247","1jn","4","10","12",",1545947,",",1357841,",0,"[{'id': 1545947, 'book_id': '1jn', 'chapter': '4', 'verse': '10', 'word_num': 14, 'word': 'ἠγάπησεν', 'occurrence': 1, 'strong': 'G00250', 'lemma': 'ἀγαπάω', 'morph': 'Gr,V,IAA3,,S,'}]","ἠγάπησεν",1,0,"[{'id': 1357841, 'book_id': '1jn', 'chapter': '4', 'verse': '10', 'word_num': 12, 'word': 'loved', 'occurrence': 2}]","loved",1,"ἠγάπησεν = loved",0.02491103202846975,7,0,0
"561261","1jn","4","11","4",",1545964,",",1357860,",0,"[{'id': 1545964, 'book_id': '1jn', 'chapter': '4', 'verse': '11', 'word_num': 5, 'word': 'ἠγάπησεν', 'occurrence': 1, 'strong': 'G00250', 'lemma': 'ἀγαπάω', 'morph': 'Gr,V,IAA3,,S,'}]","ἠγάπησεν",1,0,"[{'id': 1357860, 'book_id': '1jn', 'chapter': '4', 'verse': '11', 'word_num': 4, 'word': 'loved', 'occurrence': 1}]","loved",1,"ἠγάπησεν = loved",0.02491103202846975,7,0,0
"561266","1jn","4","11","9",",1545970,",",1357865,",0,"[{'id': 1545970, 'book_id': '1jn', 'chapter': '4', 'verse': '11', 'word_num': 11, 'word': 'ἀγαπᾶν', 'occurrence': 1, 'strong': 'G00250', 'lemma': 'ἀγαπάω', 'morph': 'Gr,V,NPA,,,,,'}]","ἀγαπᾶν",1,0,"[{'id': 1357865, 'book_id': '1jn', 'chapter': '4', 'verse': '11', 'word_num': 9, 'word': 'love', 'occurrence': 1}]","love",1,"ἀγαπᾶν = love",0.0071174377224199285,2,0,0
"561274","1jn","4","12","6",",1545976,",",1357875,1357876,",0,"[{'id': 1545976, 'book_id': '1jn', 'chapter': '4', 'verse': '12', 'word_num': 5, 'word': 'ἀγαπῶμεν', 'occurrence': 1, 'strong': 'G00250', 'lemma': 'ἀγαπάω', 'morph': 'Gr,V,SPA1,,P,'}]","ἀγαπῶμεν",1,1,"[{'id': 1357875, 'book_id': '1jn', 'chapter': '4', 'verse': '12', 'word_num': 7, 'word': 'we', 'occurrence': 1}, {'id': 1357876, 'book_id': '1jn', 'chapter': '4', 'verse': '12', 'word_num': 8, 'word': 'love', 'occurrence': 1}]","we love",2,"ἀγαπῶμεν = we love",0.014234875444839857,4,0,0
"561282","1jn","4","12","14",",1545984,1545985,",",1357885,",1,"[{'id': 1545984, 'book_id': '1jn', 'chapter': '4', 'verse': '12', 'word_num': 13, 'word': 'ἡ', 'occurrence': 1, 'strong': 'G35880', 'lemma': 'ὁ', 'morph': 'Gr,EA,,,,NFS,'}, {'id': 1545985, 'book_id': '1jn', 'chapter': '4', 'verse': '12', 'word_num': 14, 'word': 'ἀγάπη', 'occurrence': 1, 'strong': 'G00260', 'lemma': 'ἀγάπη', 'morph': 'Gr,N,,,,,NFS,'}]","ἡ ἀγάπη",2,0,"[{'id': 1357885, 'book_id': '1jn', 'chapter': '4', 'verse': '12', 'word_num': 17, 'word': 'love', 'occurrence': 2}]","love",1,"ἡ ἀγάπη = love",0.03558718861209965,10,0,0
"561341","1jn","4","16","6",",1546049,",",1357958,",0,"[{'id': 1546049, 'book_id': '1jn', 'chapter': '4', 'verse': '16', 'word_num': 6, 'word': 'ἀγάπην', 'occurrence': 1, 'strong': 'G00260', 'lemma': 'ἀγάπη', 'morph': 'Gr,N,,,,,AFS,'}]","ἀγάπην",1,0,"[{'id': 1357958, 'book_id': '1jn', 'chapter': '4', 'verse': '16', 'word_num': 7, 'word': 'love', 'occurrence': 1}]","love",1,"ἀγάπην = love",0.08185053380782918,23,0,0
"561349","1jn","4","16","14",",1546058,",",1357966,",0,"[{'id': 1546058, 'book_id': '1jn', 'chapter': '4', 'verse': '16', 'word_num': 15, 'word': 'ἀγάπη', 'occurrence': 1, 'strong': 'G00260', 'lemma': 'ἀγάπη', 'morph': 'Gr,N,,,,,NFS,'}]","ἀγάπη",1,0,"[{'id': 1357966, 'book_id': '1jn', 'chapter': '4', 'verse': '16', 'word_num': 15, 'word': 'love', 'occurrence': 2}]","love",1,"ἀγάπη = love",0.06405693950177936,18,0,0
"561354","1jn","4","16","19",",1546065,",",1357974,",0,"[{'id': 1546065, 'book_id': '1jn', 'chapter': '4', 'verse': '16', 'word_num': 22, 'word': 'ἀγάπῃ', 'occurrence': 1, 'strong': 'G00260', 'lemma': 'ἀγάπη', 'morph': 'Gr,N,,,,,DFS,'}]","ἀγάπῃ",1,0,"[{'id': 1357974, 'book_id': '1jn', 'chapter': '4', 'verse': '16', 'word_num': 23, 'word': 'love', 'occurrence': 3}]","love",1,"ἀγάπῃ = love",0.0711743772241993,20,0,0
"561366","1jn","4","17","3",",1546080,",",1357987,",0,"[{'id': 1546080, 'book_id': '1jn', 'chapter': '4', 'verse': '17', 'word_num': 4, 'word': 'ἀγάπη', 'occurrence': 1, 'strong': 'G00260', 'lemma': 'ἀγάπη', 'morph': 'Gr,N,,,,,NFS,'}]","ἀγάπη",1,0,"[{'id': 1357987, 'book_id': '1jn', 'chapter': '4', 'verse': '17', 'word_num': 4, 'word': 'love', 'occurrence': 1}]","love",1,"ἀγάπη = love",0.06405693950177936,18,0,0
"561391","1jn","4","18","4",",1546106,1546107,",",1358021,",1,"[{'id': 1546106, 'book_id': '1jn', 'chapter': '4', 'verse': '18', 'word_num': 4, 'word': 'τῇ', 'occurrence': 1, 'strong': 'G35880', 'lemma': 'ὁ', 'morph': 'Gr,EA,,,,DFS,'}, {'id': 1546107, 'book_id': '1jn', 'chapter': '4', 'verse': '18', 'word_num': 5, 'word': 'ἀγάπῃ', 'occurrence': 1, 'strong': 'G00260', 'lemma': 'ἀγάπη', 'morph': 'Gr,N,,,,,DFS,'}]","τῇ ἀγάπῃ",2,0,"[{'id': 1358021, 'book_id': '1jn', 'chapter': '4', 'verse': '18', 'word_num': 5, 'word': 'love', 'occurrence': 1}]","love",1,"τῇ ἀγάπῃ = love",0.02491103202846975,7,0,0
"561394","1jn","4","18","7",",1546111,",",1358024,",0,"[{'id': 1546111, 'book_id': '1jn', 'chapter': '4', 'verse': '18', 'word_num': 9, 'word': 'ἀγάπη', 'occurrence': 1, 'strong': 'G00260', 'lemma': 'ἀγάπη', 'morph': 'Gr,N,,,,,NFS,'}]","ἀγάπη",1,0,"[{'id': 1358024, 'book_id': '1jn', 'chapter': '4', 'verse': '18', 'word_num': 8, 'word': 'love', 'occurrence': 2}]","love",1,"ἀγάπη = love",0.06405693950177936,18,0,0
"561409","1jn","4","18","22",",1546127,1546128,",",1358046,",1,"[{'id': 1546127, 'book_id': '1jn', 'chapter': '4', 'verse': '18', 'word_num': 25, 'word': 'τῇ', 'occurrence': 2, 'strong': 'G35880', 'lemma': 'ὁ', 'morph': 'Gr,EA,,,,DFS,'}, {'id': 1546128, 'book_id': '1jn', 'chapter': '4', 'verse': '18', 'word_num': 26, 'word': 'ἀγάπῃ', 'occurrence': 2, 'strong': 'G00260', 'lemma': 'ἀγάπη', 'morph': 'Gr,N,,,,,DFS,'}]","τῇ ἀγάπῃ",2,0,"[{'id': 1358046, 'book_id': '1jn', 'chapter': '4', 'verse': '18', 'word_num': 30, 'word': 'love', 'occurrence': 3}]","love",1,"τῇ ἀγάπῃ = love",0.02491103202846975,7,0,0
"561411","1jn","4","19","1",",1546130,",",1358048,",0,"[{'id': 1546130, 'book_id': '1jn', 'chapter': '4', 'verse': '19', 'word_num': 1, 'word': 'ἀγαπῶμεν', 'occurrence': 1, 'strong': 'G00250', 'lemma': 'ἀγαπάω', 'morph': 'Gr,V,IPA1,,P,'}]","ἀγαπῶμεν",1,0,"[{'id': 1358048, 'book_id': '1jn', 'chapter': '4', 'verse': '19', 'word_num': 1, 'word': 'love', 'occurrence': 1}]","love",1,"ἀγαπῶμεν = love",0.0071174377224199285,2,0,0
"561415","1jn","4","19","5",",1546134,",",1358052,",0,"[{'id': 1546134, 'book_id': '1jn', 'chapter': '4', 'verse': '19', 'word_num': 5, 'word': 'ἠγάπησεν', 'occurrence': 1, 'strong': 'G00250', 'lemma': 'ἀγαπάω', 'morph': 'Gr,V,IAA3,,S,'}]","ἠγάπησεν",1,0,"[{'id': 1358052, 'book_id': '1jn', 'chapter': '4', 'verse': '19', 'word_num': 5, 'word': 'loved', 'occurrence': 1}]","loved",1,"ἠγάπησεν = loved",0.02491103202846975,7,0,0
"561420","1jn","4","20","3",",1546139,1546140,",",1358057,1358058,",1,"[{'id': 1546139, 'book_id': '1jn', 'chapter': '4', 'verse': '20', 'word_num': 3, 'word': 'ὅτι', 'occurrence': 1, 'strong': 'G37540', 'lemma': 'ὅτι', 'morph': 'Gr,CS,,,,,,,,'}, {'id': 1546140, 'book_id': '1jn', 'chapter': '4', 'verse': '20', 'word_num': 4, 'word': 'ἀγαπῶ', 'occurrence': 1, 'strong': 'G00250', 'lemma': 'ἀγαπάω', 'morph': 'Gr,V,IPA1,,S,'}]","ὅτι ἀγαπῶ",2,1,"[{'id': 1358057, 'book_id': '1jn', 'chapter': '4', 'verse': '20', 'word_num': 3, 'word': 'I', 'occurrence': 1}, {'id': 1358058, 'book_id': '1jn', 'chapter': '4', 'verse': '20', 'word_num': 4, 'word': 'love', 'occurrence': 1}]","I love",2,"ὅτι ἀγαπῶ = I love",0.0035587188612099642,1,0,0
"561430","1jn","4","20","13",",1546153,",",1358071,",0,"[{'id': 1546153, 'book_id': '1jn', 'chapter': '4', 'verse': '20', 'word_num': 17, 'word': 'ἀγαπῶν', 'occurrence': 1, 'strong': 'G00250', 'lemma': 'ἀγαπάω', 'morph': 'Gr,V,PPA,NMS,'}]","ἀγαπῶν",1,0,"[{'id': 1358071, 'book_id': '1jn', 'chapter': '4', 'verse': '20', 'word_num': 17, 'word': 'who', 'occurrence': 1}]","who",1,"ἀγαπῶν = who",0.014234875444839857,4,0,0
"561438","1jn","4","20","21",",1546166,",",1358082,",0,"[{'id': 1546166, 'book_id': '1jn', 'chapter': '4', 'verse': '20', 'word_num': 30, 'word': 'ἀγαπᾶν', 'occurrence': 1, 'strong': 'G00250', 'lemma': 'ἀγαπάω', 'morph': 'Gr,V,NPA,,,,,'}]","ἀγαπᾶν",1,0,"[{'id': 1358082, 'book_id': '1jn', 'chapter': '4', 'verse': '20', 'word_num': 28, 'word': 'love', 'occurrence': 3}]","love",1,"ἀγαπᾶν = love",0.0071174377224199285,2,0,0
"561452","1jn","4","21","8",",1546175,1546176,",",1358099,1358100,1358101,1358102,",1,"[{'id': 1546175, 'book_id': '1jn', 'chapter': '4', 'verse': '21', 'word_num': 8, 'word': 'ὁ', 'occurrence': 1, 'strong': 'G35880', 'lemma': 'ὁ', 'morph': 'Gr,RD,,,,NMS,'}, {'id': 1546176, 'book_id': '1jn', 'chapter': '4', 'verse': '21', 'word_num': 9, 'word': 'ἀγαπῶν', 'occurrence': 1, 'strong': 'G00250', 'lemma': 'ἀγαπάω', 'morph': 'Gr,V,PPA,NMS,'}]","ὁ ἀγαπῶν",2,3,"[{'id': 1358099, 'book_id': '1jn', 'chapter': '4', 'verse': '21', 'word_num': 10, 'word': 'the', 'occurrence': 2}, {'id': 1358100, 'book_id': '1jn', 'chapter': '4', 'verse': '21', 'word_num': 11, 'word': 'one', 'occurrence': 1}, {'id': 1358101, 'book_id': '1jn', 'chapter': '4', 'verse': '21', 'word_num': 12, 'word': 'who', 'occurrence': 1}, {'id': 1358102, 'book_id': '1jn', 'chapter': '4', 'verse': '21', 'word_num': 13, 'word': 'loves', 'occurrence': 1}]","the one who loves",4,"ὁ ἀγαπῶν = the one who loves",0.0071174377224199285,2,0,0
"561455","1jn","4","21","11",",1546179,",",1358106,",0,"[{'id': 1546179, 'book_id': '1jn', 'chapter': '4', 'verse': '21', 'word_num': 12, 'word': 'ἀγαπᾷ', 'occurrence': 1, 'strong': 'G00250', 'lemma': 'ἀγαπάω', 'morph': 'Gr,V,SPA3,,S,'}]","ἀγαπᾷ",1,0,"[{'id': 1358106, 'book_id': '1jn', 'chapter': '4', 'verse': '21', 'word_num': 17, 'word': 'love', 'occurrence': 1}]","love",1,"ἀγαπᾷ = love",0.0035587188612099642,1,0,0
"561470","1jn","5","1","12",",1546198,1546199,",",1358124,1358125,",1,"[{'id': 1546198, 'book_id': '1jn', 'chapter': '5', 'verse': '1', 'word_num': 14, 'word': 'ὁ', 'occurrence': 3, 'strong': 'G35880', 'lemma': 'ὁ', 'morph': 'Gr,RD,,,,NMS,'}, {'id': 1546199, 'book_id': '1jn', 'chapter': '5', 'verse': '1', 'word_num': 15, 'word': 'ἀγαπῶν', 'occurrence': 1, 'strong': 'G00250', 'lemma': 'ἀγαπάω', 'morph': 'Gr,V,PPA,NMS,'}]","ὁ ἀγαπῶν",2,1,"[{'id': 1358124, 'book_id': '1jn', 'chapter': '5', 'verse': '1', 'word_num': 14, 'word': 'who', 'occurrence': 2}, {'id': 1358125, 'book_id': '1jn', 'chapter': '5', 'verse': '1', 'word_num': 15, 'word': 'loves', 'occurrence': 1}]","who loves",2,"ὁ ἀγαπῶν = who loves",0.0071174377224199285,2,0,0
"561473","1jn","5","1","15",",1546202,",",1358129,",0,"[{'id': 1546202, 'book_id': '1jn', 'chapter': '5', 'verse': '1', 'word_num': 18, 'word': 'ἀγαπᾷ', 'occurrence': 1, 'strong': 'G00250', 'lemma': 'ἀγαπάω', 'morph': 'Gr,V,IPA3,,S,'}]","ἀγαπᾷ",1,0,"[{'id': 1358129, 'book_id': '1jn', 'chapter': '5', 'verse': '1', 'word_num': 19, 'word': 'loves', 'occurrence': 2}]","loves",1,"ἀγαπᾷ = loves",0.03202846975088968,9,0,0
"561482","1jn","5","2","4",",1546212,",",1358141,1358142,",0,"[{'id': 1546212, 'book_id': '1jn', 'chapter': '5', 'verse': '2', 'word_num': 4, 'word': 'ἀγαπῶμεν', 'occurrence': 1, 'strong': 'G00250', 'lemma': 'ἀγαπάω', 'morph': 'Gr,V,IPA1,,P,'}]","ἀγαπῶμεν",1,1,"[{'id': 1358141, 'book_id': '1jn', 'chapter': '5', 'verse': '2', 'word_num': 6, 'word': 'we', 'occurrence': 2}, {'id': 1358142, 'book_id': '1jn', 'chapter': '5', 'verse': '2', 'word_num': 7, 'word': 'love', 'occurrence': 1}]","we love",2,"ἀγαπῶμεν = we love",0.014234875444839857,4,0,0
"561486","1jn","5","2","8",",1546220,",",1358147,1358148,",0,"[{'id': 1546220, 'book_id': '1jn', 'chapter': '5', 'verse': '2', 'word_num': 12, 'word': 'ἀγαπῶμεν', 'occurrence': 2, 'strong': 'G00250', 'lemma': 'ἀγαπάω', 'morph': 'Gr,V,IPA1,,P,'}]","ἀγαπῶμεν",1,1,"[{'id': 1358147, 'book_id': '1jn', 'chapter': '5', 'verse': '2', 'word_num': 12, 'word': 'we', 'occurrence': 3}, {'id': 1358148, 'book_id': '1jn', 'chapter': '5', 'verse': '2', 'word_num': 13, 'word': 'love', 'occurrence': 2}]","we love",2,"ἀγαπῶμεν = we love",0.014234875444839857,4,0,0
"561495","1jn","5","3","3",",1546229,1546230,",",1358157,",1,"[{'id': 1546229, 'book_id': '1jn', 'chapter': '5', 'verse': '3', 'word_num': 3, 'word': 'ἡ', 'occurrence': 1, 'strong': 'G35880', 'lemma': 'ὁ', 'morph': 'Gr,EA,,,,NFS,'}, {'id': 1546230, 'book_id': '1jn', 'chapter': '5', 'verse': '3', 'word_num': 4, 'word': 'ἀγάπη', 'occurrence': 1, 'strong': 'G00260', 'lemma': 'ἀγάπη', 'morph': 'Gr,N,,,,,NFS,'}]","ἡ ἀγάπη",2,0,"[{'id': 1358157, 'book_id': '1jn', 'chapter': '5', 'verse': '3', 'word_num': 3, 'word': 'love', 'occurrence': 1}]","love",1,"ἡ ἀγάπη = love",0.03558718861209965,10,0,0
"561840","2jn","1","1","9",",1546623,",",1358639,",0,"[{'id': 1546623, 'book_id': '2jn', 'chapter': '1', 'verse': '1', 'word_num': 10, 'word': 'ἀγαπῶ', 'occurrence': 1, 'strong': 'G00250', 'lemma': 'ἀγαπάω', 'morph': 'Gr,V,IPA1,,S,'}]","ἀγαπῶ",1,0,"[{'id': 1358639, 'book_id': '2jn', 'chapter': '1', 'verse': '1', 'word_num': 12, 'word': 'love', 'occurrence': 1}]","love",1,"ἀγαπῶ = love",0.0071174377224199285,2,0,0
"561885","2jn","1","3","20",",1546671,",",1358693,",0,"[{'id': 1546671, 'book_id': '2jn', 'chapter': '1', 'verse': '3', 'word_num': 20, 'word': 'ἀγάπῃ', 'occurrence': 1, 'strong': 'G00260', 'lemma': 'ἀγάπη', 'morph': 'Gr,N,,,,,DFS,'}]","ἀγάπῃ",1,0,"[{'id': 1358693, 'book_id': '2jn', 'chapter': '1', 'verse': '3', 'word_num': 24, 'word': 'love', 'occurrence': 1}]","love",1,"ἀγάπῃ = love",0.0711743772241993,20,0,0
"561920","2jn","1","5","17",",1546706,",",1358745,1358746,1358747,",0,"[{'id': 1546706, 'book_id': '2jn', 'chapter': '1', 'verse': '5', 'word_num': 17, 'word': 'ἀγαπῶμεν', 'occurrence': 1, 'strong': 'G00250', 'lemma': 'ἀγαπάω', 'morph': 'Gr,V,SPA1,,P,'}]","ἀγαπῶμεν",1,2,"[{'id': 1358745, 'book_id': '2jn', 'chapter': '1', 'verse': '5', 'word_num': 27, 'word': 'we', 'occurrence': 2}, {'id': 1358746, 'book_id': '2jn', 'chapter': '1', 'verse': '5', 'word_num': 28, 'word': 'should', 'occurrence': 1}, {'id': 1358747, 'book_id': '2jn', 'chapter': '1', 'verse': '5', 'word_num': 29, 'word': 'love', 'occurrence': 1}]","we should love",3,"ἀγαπῶμεν = we should love",0.0071174377224199285,2,0,0
"561924","2jn","1","6","2",",1546711,1546712,",",1358752,",1,"[{'id': 1546711, 'book_id': '2jn', 'chapter': '1', 'verse': '6', 'word_num': 3, 'word': 'ἡ', 'occurrence': 1, 'strong': 'G35880', 'lemma': 'ὁ', 'morph': 'Gr,EA,,,,NFS,'}, {'id': 1546712, 'book_id': '2jn', 'chapter': '1', 'verse': '6', 'word_num': 4, 'word': 'ἀγάπη', 'occurrence': 1, 'strong': 'G00260', 'lemma': 'ἀγάπη', 'morph': 'Gr,N,,,,,NFS,'}]","ἡ ἀγάπη",2,0,"[{'id': 1358752, 'book_id': '2jn', 'chapter': '1', 'verse': '6', 'word_num': 2, 'word': 'love', 'occurrence': 1}]","love",1,"ἡ ἀγάπη = love",0.03558718861209965,10,0,0
"562068","3jn","1","1","8",",1546865,",",1358954,",0,"[{'id': 1546865, 'book_id': '3jn', 'chapter': '1', 'verse': '1', 'word_num': 7, 'word': 'ἀγαπῶ', 'occurrence': 1, 'strong': 'G00250', 'lemma': 'ἀγαπάω', 'morph': 'Gr,V,IPA1,,S,'}]","ἀγαπῶ",1,0,"[{'id': 1358954, 'book_id': '3jn', 'chapter': '1', 'verse': '1', 'word_num': 8, 'word': 'love', 'occurrence': 1}]","love",1,"ἀγαπῶ = love",0.0071174377224199285,2,0,0
"562128","3jn","1","6","4",",1546926,",",1359036,",0,"[{'id': 1546926, 'book_id': '3jn', 'chapter': '1', 'verse': '6', 'word_num': 4, 'word': 'ἀγάπῃ', 'occurrence': 1, 'strong': 'G00260', 'lemma': 'ἀγάπη', 'morph': 'Gr,N,,,,,DFS,'}]","ἀγάπῃ",1,0,"[{'id': 1359036, 'book_id': '3jn', 'chapter': '1', 'verse': '6', 'word_num': 6, 'word': 'love', 'occurrence': 1}]","love",1,"ἀγάπῃ = love",0.0711743772241993,20,0,0
"562292","jud","1","1","9",",1547088,",",1359273,",0,"[{'id': 1547088, 'book_id': 'jud', 'chapter': '1', 'verse': '1', 'word_num': 11, 'word': 'ἠγαπημένοις', 'occurrence': 1, 'strong': 'G00250', 'lemma': 'ἀγαπάω', 'morph': 'Gr,V,PEP,DMP,'}]","ἠγαπημένοις",1,0,"[{'id': 1359273, 'book_id': 'jud', 'chapter': '1', 'verse': '1', 'word_num': 15, 'word': 'beloved', 'occurrence': 1}]","beloved",1,"ἠγαπημένοις = beloved",0.0035587188612099642,1,0,0
"562305","jud","1","2","5",",1547099,",",1359288,",0,"[{'id': 1547099, 'book_id': 'jud', 'chapter': '1', 'verse': '2', 'word_num': 5, 'word': 'ἀγάπη', 'occurrence': 1, 'strong': 'G00260', 'lemma': 'ἀγάπη', 'morph': 'Gr,N,,,,,NFS,'}]","ἀγάπη",1,0,"[{'id': 1359288, 'book_id': 'jud', 'chapter': '1', 'verse': '2', 'word_num': 5, 'word': 'love', 'occurrence': 1}]","love",1,"ἀγάπη = love",0.06405693950177936,18,0,0
"562505","jud","1","12","6",",1547303,1547304,",",1359607,1359608,",1,"[{'id': 1547303, 'book_id': 'jud', 'chapter': '1', 'verse': '12', 'word_num': 4, 'word': 'ταῖς', 'occurrence': 1, 'strong': 'G35880', 'lemma': 'ὁ', 'morph': 'Gr,EA,,,,DFP,'}, {'id': 1547304, 'book_id': 'jud', 'chapter': '1', 'verse': '12', 'word_num': 5, 'word': 'ἀγάπαις', 'occurrence': 1, 'strong': 'G00260', 'lemma': 'ἀγάπη', 'morph': 'Gr,N,,,,,DFP,'}]","ταῖς ἀγάπαις",2,1,"[{'id': 1359607, 'book_id': 'jud', 'chapter': '1', 'verse': '12', 'word_num': 10, 'word': 'love', 'occurrence': 1}, {'id': 1359608, 'book_id': 'jud', 'chapter': '1', 'verse': '12', 'word_num': 11, 'word': 'feasts', 'occurrence': 1}]","love feasts",2,"ταῖς ἀγάπαις = love feasts",0.0035587188612099642,1,0,0
"562650","jud","1","21","4",",1547455,",",1359831,",0,"[{'id': 1547455, 'book_id': 'jud', 'chapter': '1', 'verse': '21', 'word_num': 2, 'word': 'ἀγάπῃ', 'occurrence': 1, 'strong': 'G00260', 'lemma': 'ἀγάπη', 'morph': 'Gr,N,,,,,DFS,'}]","ἀγάπῃ",1,0,"[{'id': 1359831, 'book_id': 'jud', 'chapter': '1', 'verse': '21', 'word_num': 5, 'word': 'love', 'occurrence': 1}]","love",1,"ἀγάπῃ = love",0.0711743772241993,20,0,0
"562818","rev","1","5","18",",1547646,1547647,",",1360072,1360073,1360074,1360075,1360076,",1,"[{'id': 1547646, 'book_id': 'rev', 'chapter': '1', 'verse': '5', 'word_num': 19, 'word': 'τῷ', 'occurrence': 1, 'strong': 'G35880', 'lemma': 'ὁ', 'morph': 'Gr,RD,,,,DMS,'}, {'id': 1547647, 'book_id': 'rev', 'chapter': '1', 'verse': '5', 'word_num': 20, 'word': 'ἀγαπῶντι', 'occurrence': 1, 'strong': 'G00250', 'lemma': 'ἀγαπάω', 'morph': 'Gr,V,PPA,DMS,'}]","τῷ ἀγαπῶντι",2,4,"[{'id': 1360072, 'book_id': 'rev', 'chapter': '1', 'verse': '5', 'word_num': 21, 'word': 'To', 'occurrence': 1}, {'id': 1360073, 'book_id': 'rev', 'chapter': '1', 'verse': '5', 'word_num': 22, 'word': 'the', 'occurrence': 7}, {'id': 1360074, 'book_id': 'rev', 'chapter': '1', 'verse': '5', 'word_num': 23, 'word': 'one', 'occurrence': 1}, {'id': 1360075, 'book_id': 'rev', 'chapter': '1', 'verse': '5', 'word_num': 24, 'word': 'who', 'occurrence': 1}, {'id': 1360076, 'book_id': 'rev', 'chapter': '1', 'verse': '5', 'word_num': 25, 'word': 'loves', 'occurrence': 1}]","To the one who loves",5,"τῷ ἀγαπῶντι = To the one who loves",0.0035587188612099642,1,0,0
"563196","rev","2","4","8",",1548076,1548077,",",1360609,",1,"[{'id': 1548076, 'book_id': 'rev', 'chapter': '2', 'verse': '4', 'word_num': 5, 'word': 'τὴν', 'occurrence': 1, 'strong': 'G35880', 'lemma': 'ὁ', 'morph': 'Gr,EA,,,,AFS,'}, {'id': 1548077, 'book_id': 'rev', 'chapter': '2', 'verse': '4', 'word_num': 6, 'word': 'ἀγάπην', 'occurrence': 1, 'strong': 'G00260', 'lemma': 'ἀγάπη', 'morph': 'Gr,N,,,,,AFS,'}]","τὴν ἀγάπην",2,0,"[{'id': 1360609, 'book_id': 'rev', 'chapter': '2', 'verse': '4', 'word_num': 14, 'word': 'love', 'occurrence': 1}]","love",1,"τὴν ἀγάπην = love",0.017793594306049824,5,0,0
"563515","rev","2","19","4",",1548427,",",1361088,",0,"[{'id': 1548427, 'book_id': 'rev', 'chapter': '2', 'verse': '19', 'word_num': 6, 'word': 'ἀγάπην', 'occurrence': 1, 'strong': 'G00260', 'lemma': 'ἀγάπη', 'morph': 'Gr,N,,,,,AFS,'}]","ἀγάπην",1,0,"[{'id': 1361088, 'book_id': 'rev', 'chapter': '2', 'verse': '19', 'word_num': 5, 'word': 'love', 'occurrence': 1}]","love",1,"ἀγάπην = love",0.08185053380782918,23,0,0
"563897","rev","3","9","29",",1548857,",",1361641,",0,"[{'id': 1548857, 'book_id': 'rev', 'chapter': '3', 'verse': '9', 'word_num': 32, 'word': 'ἠγάπησά', 'occurrence': 1, 'strong': 'G00250', 'lemma': 'ἀγαπάω', 'morph': 'Gr,V,IAA1,,S,'}]","ἠγάπησά",1,0,"[{'id': 1361641, 'book_id': 'rev', 'chapter': '3', 'verse': '9', 'word_num': 43, 'word': 'loved', 'occurrence': 1}]","loved",1,"ἠγάπησά = loved",0.0035587188612099642,1,0,0
"564095","rev","3","19","5",",1549077,",",1361918,1361919,",0,"[{'id': 1549077, 'book_id': 'rev', 'chapter': '3', 'verse': '19', 'word_num': 3, 'word': 'φιλῶ', 'occurrence': 1, 'strong': 'G53680', 'lemma': 'φιλέω', 'morph': 'Gr,V,SPA1,,S,'}]","φιλῶ",1,1,"[{'id': 1361918, 'book_id': 'rev', 'chapter': '3', 'verse': '19', 'word_num': 6, 'word': 'I', 'occurrence': 2}, {'id': 1361919, 'book_id': 'rev', 'chapter': '3', 'verse': '19', 'word_num': 7, 'word': 'love', 'occurrence': 1}]","I love",2,"φιλῶ = I love",0.010676156583629894,3,0,0
"567129","rev","12","11","16",",1552472,",",1366045,",0,"[{'id': 1552472, 'book_id': 'rev', 'chapter': '12', 'verse': '11', 'word_num': 18, 'word': 'ἠγάπησαν', 'occurrence': 1, 'strong': 'G00250', 'lemma': 'ἀγαπάω', 'morph': 'Gr,V,IAA3,,P,'}]","ἠγάπησαν",1,0,"[{'id': 1366045, 'book_id': 'rev', 'chapter': '12', 'verse': '11', 'word_num': 17, 'word': 'they', 'occurrence': 1}]","they",1,"ἠγάπησαν = they",0.0035587188612099642,1,0,0
"570436","rev","20","9","14",",1556133,",",1370482,",0,"[{'id': 1556133, 'book_id': 'rev', 'chapter': '20', 'verse': '9', 'word_num': 17, 'word': 'ἠγαπημένην', 'occurrence': 1, 'strong': 'G00250', 'lemma': 'ἀγαπάω', 'morph': 'Gr,V,PEP,AFS,'}]","ἠγαπημένην",1,0,"[{'id': 1370482, 'book_id': 'rev', 'chapter': '20', 'verse': '9', 'word_num': 19, 'word': 'beloved', 'occurrence': 1}]","beloved",1,"ἠγαπημένην = beloved",0.0035587188612099642,1,0,0
"571407","rev","22","15","13",",1557224,",",1371831,1371832,",0,"[{'id': 1557224, 'book_id': 'rev', 'chapter': '22', 'verse': '15', 'word_num': 17, 'word': 'φιλῶν', 'occurrence': 1, 'strong': 'G53680', 'lemma': 'φιλέω', 'morph': 'Gr,V,PPA,NMS,'}]","φιλῶν",1,1,"[{'id': 1371831, 'book_id': 'rev', 'chapter': '22', 'verse': '15', 'word_num': 15, 'word': 'who', 'occurrence': 1}, {'id': 1371832, 'book_id': 'rev', 'chapter': '22', 'verse': '15', 'word_num': 16, 'word': 'loves', 'occurrence': 1}]","who loves",2,"φιλῶν = who loves",0.0035587188612099642,1,0,0
